1-*********************************************************
(0,0) 0.00000000
(1,0) 200.00000000
(1,1) 200.00000000
(2,0) 230.00000000
(2,1) 460.00000000
(2,2) 230.00000000
 
2-*********************************************************
(0,0) 0.00000000
(1,0) 25.00000000
(1,1) 25.00000000
(2,0) 28.75000000
(2,1) 57.50000000
(2,2) 28.75000000
(3,0) 29.31250000
(3,1) 62.93750000
(3,2) 62.93750000
(3,3) 29.31250000
 
3-*********************************************************
(0,0) 0.00000000
(1,0) 50000.00000000
(1,1) 50000.00000000
(2,0) 57500.00000000
(2,1) 115000.00000000
(2,2) 57500.00000000
(3,0) 58625.00000000
(3,1) 125875.00000000
(3,2) 125875.00000000
(3,3) 58625.00000000
(4,0) 58793.75000000
(4,1) 127675.00000000
(4,2) 137762.50000000
(4,3) 127675.00000000
(4,4) 58793.75000000
(5,0) 58819.06250000
(5,1) 127970.31250000
(5,2) 139815.62500000
(5,3) 139815.62500000
(5,4) 127970.31250000
(5,5) 58819.06250000
(6,0) 58822.85937500
(6,1) 128018.40625000
(6,2) 140167.89062500
(6,3) 141944.68750000
(6,4) 140167.89062500
(6,5) 128018.40625000
(6,6) 58822.85937500
(7,0) 58823.42890625
(7,1) 128026.18984375
(7,2) 140227.94453125
(7,3) 142316.88671875
(7,4) 142316.88671875
(7,5) 140227.94453125
(7,6) 128026.18984375
(7,7) 58823.42890625
(8,0) 58823.51433594
(8,1) 128027.44281250
(8,2) 140238.12015625
(8,3) 142381.72468750
(8,4) 142695.06601562
(8,5) 142381.72468750
(8,6) 140238.12015625
(8,7) 128027.44281250
(8,8) 58823.51433594
(9,0) 58823.52715039
(9,1) 128027.64357227
(9,2) 140239.83444531
(9,3) 142392.97672656
(9,4) 142761.51860547
(9,5) 142761.51860547
(9,6) 142392.97672656
(9,7) 140239.83444531
(9,8) 128027.64357227
(9,9) 58823.52715039
(10,0) 58823.52907256
(10,1) 128027.67560840
(10,2) 140240.12170264
(10,3) 142394.92167578
(10,4) 142773.17429980
(10,5) 142828.45558164
(10,6) 142773.17429980
(10,7) 142394.92167578
(10,8) 140240.12170264
(10,9) 128027.67560840
(10,10) 58823.52907256
(11,0) 58823.52936088
(11,1) 128027.68070214
(11,2) 140240.16959666
(11,3) 142395.25650676
(11,4) 142775.21439634
(11,5) 142840.24448222
(11,6) 142840.24448222
(11,7) 142775.21439634
(11,8) 142395.25650676
(11,9) 140240.16959666
(11,10) 128027.68070214
(11,11) 58823.52936088
(12,0) 58823.52940413
(12,1) 128027.68150945
(12,2) 140240.17754482
(12,3) 142395.31391551
(12,4) 142775.57063547
(12,5) 142842.31883178
(12,6) 142852.07334467
(12,7) 142842.31883178
(12,8) 142775.57063547
(12,9) 142395.31391551
(12,10) 140240.17754482
(12,11) 128027.68150945
(12,12) 58823.52940413
(13,0) 58823.52941062
(13,1) 128027.68163704
(13,2) 140240.17885814
(13,3) 142395.32371905
(13,4) 142775.63268265
(13,5) 142842.68342009
(13,6) 142854.15882647
(13,7) 142854.15882647
(13,8) 142842.68342009
(13,9) 142775.63268265
(13,10) 142395.32371905
(13,11) 140240.17885814
(13,12) 128027.68163704
(13,13) 58823.52941062
(14,0) 58823.52941159
(14,1) 128027.68165715
(14,2) 140240.17907428
(14,3) 142395.32538658
(14,4) 142775.64346025
(14,5) 142842.74741541
(14,6) 142854.52633698
(14,7) 142856.24764794
(14,8) 142854.52633698
(14,9) 142842.74741541
(14,10) 142775.64346025
(14,11) 142395.32538658
(14,12) 140240.17907428
(14,13) 128027.68165715
(14,14) 58823.52941159
(15,0) 58823.52941174
(15,1) 128027.68166031
(15,2) 140240.17910971
(15,3) 142395.32566913
(15,4) 142775.64532702
(15,5) 142842.75863135
(15,6) 142854.59106286
(15,7) 142856.61609774
(15,8) 142856.61609774
(15,9) 142854.59106286
(15,10) 142842.75863135
(15,11) 142775.64532702
(15,12) 142395.32566913
(15,13) 140240.17910971
(15,14) 128027.68166031
(15,15) 58823.52941174
(16,0) 58823.52941176
(16,1) 128027.68166081
(16,2) 140240.17911550
(16,3) 142395.32571683
(16,4) 142775.64564942
(16,5) 142842.76059376
(16,6) 142854.60245413
(16,7) 142856.68107409
(16,8) 142856.98482932
(16,9) 142856.68107409
(16,10) 142854.60245413
(16,11) 142842.76059376
(16,12) 142775.64564942
(16,13) 142395.32571683
(16,14) 140240.17911550
(16,15) 128027.68166081
(16,16) 58823.52941176
(17,0) 58823.52941176
(17,1) 128027.68166089
(17,2) 140240.17911645
(17,3) 142395.32572485
(17,4) 142775.64570494
(17,5) 142842.76093648
(17,6) 142854.60445718
(17,7) 142856.69252923
(17,8) 142857.04988551
(17,9) 142857.04988551
(17,10) 142856.69252923
(17,11) 142854.60445718
(17,12) 142842.76093648
(17,13) 142775.64570494
(17,14) 142395.32572485
(17,15) 140240.17911645
(17,16) 128027.68166089
(17,17) 58823.52941176
(18,0) 58823.52941176
(18,1) 128027.68166090
(18,2) 140240.17911660
(18,3) 142395.32572619
(18,4) 142775.64571447
(18,5) 142842.76099621
(18,6) 142854.60480905
(18,7) 142856.69454796
(18,8) 142857.06136221
(18,9) 142857.11496565
(18,10) 142857.06136221
(18,11) 142856.69454796
(18,12) 142854.60480905
(18,13) 142842.76099621
(18,14) 142775.64571447
(18,15) 142395.32572619
(18,16) 140240.17911660
(18,17) 128027.68166090
(18,18) 58823.52941176
(19,0) 58823.52941176
(19,1) 128027.68166090
(19,2) 140240.17911662
(19,3) 142395.32572642
(19,4) 142775.64571610
(19,5) 142842.76100660
(19,6) 142854.60487079
(19,7) 142856.69490355
(19,8) 142857.06338653
(19,9) 142857.12644918
(19,10) 142857.12644918
(19,11) 142857.06338653
(19,12) 142856.69490355
(19,13) 142854.60487079
(19,14) 142842.76100660
(19,15) 142775.64571610
(19,16) 142395.32572642
(19,17) 140240.17911662
(19,18) 128027.68166090
(19,19) 58823.52941176
(20,0) 58823.52941176
(20,1) 128027.68166090
(20,2) 140240.17911663
(20,3) 142395.32572646
(20,4) 142775.64571638
(20,5) 142842.76100841
(20,6) 142854.60488161
(20,7) 142856.69496615
(20,8) 142857.06374351
(20,9) 142857.12847536
(20,10) 142857.13793475
(20,11) 142857.12847536
(20,12) 142857.06374351
(20,13) 142856.69496615
(20,14) 142854.60488161
(20,15) 142842.76100841
(20,16) 142775.64571638
(20,17) 142395.32572646
(20,18) 140240.17911663
(20,19) 128027.68166090
(20,20) 58823.52941176
(21,0) 58823.52941176
(21,1) 128027.68166090
(21,2) 140240.17911663
(21,3) 142395.32572646
(21,4) 142775.64571643
(21,5) 142842.76100872
(21,6) 142854.60488350
(21,7) 142856.69497716
(21,8) 142857.06380645
(21,9) 142857.12883283
(21,10) 142857.13996152
(21,11) 142857.13996152
(21,12) 142857.12883283
(21,13) 142857.06380645
(21,14) 142856.69497716
(21,15) 142854.60488350
(21,16) 142842.76100872
(21,17) 142775.64571643
(21,18) 142395.32572646
(21,19) 140240.17911663
(21,20) 128027.68166090
(21,21) 58823.52941176
(22,0) 58823.52941176
(22,1) 128027.68166090
(22,2) 140240.17911663
(22,3) 142395.32572646
(22,4) 142775.64571643
(22,5) 142842.76100877
(22,6) 142854.60488383
(22,7) 142856.69497910
(22,8) 142857.06381754
(22,9) 142857.12889589
(22,10) 142857.14031915
(22,11) 142857.14198845
(22,12) 142857.14031915
(22,13) 142857.12889589
(22,14) 142857.06381754
(22,15) 142856.69497910
(22,16) 142854.60488383
(22,17) 142842.76100877
(22,18) 142775.64571643
(22,19) 142395.32572646
(22,20) 140240.17911663
(22,21) 128027.68166090
(22,22) 58823.52941176
(23,0) 58823.52941176
(23,1) 128027.68166090
(23,2) 140240.17911663
(23,3) 142395.32572646
(23,4) 142775.64571643
(23,5) 142842.76100878
(23,6) 142854.60488389
(23,7) 142856.69497944
(23,8) 142857.06381950
(23,9) 142857.12890702
(23,10) 142857.14038226
(23,11) 142857.14234614
(23,12) 142857.14234614
(23,13) 142857.14038226
(23,14) 142857.12890702
(23,15) 142857.06381950
(23,16) 142856.69497944
(23,17) 142854.60488389
(23,18) 142842.76100878
(23,19) 142775.64571643
(23,20) 142395.32572646
(23,21) 140240.17911663
(23,22) 128027.68166090
(23,23) 58823.52941176
(24,0) 58823.52941176
(24,1) 128027.68166090
(24,2) 140240.17911663
(24,3) 142395.32572646
(24,4) 142775.64571643
(24,5) 142842.76100878
(24,6) 142854.60488390
(24,7) 142856.69497950
(24,8) 142857.06381984
(24,9) 142857.12890898
(24,10) 142857.14039339
(24,11) 142857.14240926
(24,12) 142857.14270384
(24,13) 142857.14240926
(24,14) 142857.14039339
(24,15) 142857.12890898
(24,16) 142857.06381984
(24,17) 142856.69497950
(24,18) 142854.60488390
(24,19) 142842.76100878
(24,20) 142775.64571643
(24,21) 142395.32572646
(24,22) 140240.17911663
(24,23) 128027.68166090
(24,24) 58823.52941176
 
4-*********************************************************
(0,0) 0.00000000
(1,0) 28.00000000
(1,1) 28.00000000
(2,0) 32.20000000
(2,1) 64.40000000
(2,2) 32.20000000
(3,0) 32.83000000
(3,1) 70.49000000
(3,2) 70.49000000
(3,3) 32.83000000
(4,0) 32.92450000
(4,1) 71.49800000
(4,2) 77.14700000
(4,3) 71.49800000
(4,4) 32.92450000
(5,0) 32.93867500
(5,1) 71.66337500
(5,2) 78.29675000
(5,3) 78.29675000
(5,4) 71.66337500
(5,5) 32.93867500
(6,0) 32.94080125
(6,1) 71.69030750
(6,2) 78.49401875
(6,3) 79.48902500
(6,4) 78.49401875
(6,5) 71.69030750
(6,6) 32.94080125
(7,0) 32.94112019
(7,1) 71.69466631
(7,2) 78.52764894
(7,3) 79.69745656
(7,4) 79.69745656
(7,5) 78.52764894
(7,6) 71.69466631
(7,7) 32.94112019
(8,0) 32.94116803
(8,1) 71.69536798
(8,2) 78.53334729
(8,3) 79.73376583
(8,4) 79.90923697
(8,5) 79.73376583
(8,6) 78.53334729
(8,7) 71.69536798
(8,8) 32.94116803
(9,0) 32.94117520
(9,1) 71.69548040
(9,2) 78.53430729
(9,3) 79.74006697
(9,4) 79.94645042
(9,5) 79.94645042
(9,6) 79.74006697
(9,7) 78.53430729
(9,8) 71.69548040
(9,9) 32.94117520
(10,0) 32.94117628
(10,1) 71.69549834
(10,2) 78.53446815
(10,3) 79.74115614
(10,4) 79.95297761
(10,5) 79.98393513
(10,6) 79.95297761
(10,7) 79.74115614
(10,8) 78.53446815
(10,9) 71.69549834
(10,10) 32.94117628
(11,0) 32.94117644
(11,1) 71.69550119
(11,2) 78.53449497
(11,3) 79.74134364
(11,4) 79.95412006
(11,5) 79.99053691
(11,6) 79.99053691
(11,7) 79.95412006
(11,8) 79.74134364
(11,9) 78.53449497
(11,10) 71.69550119
(11,11) 32.94117644
(12,0) 32.94117647
(12,1) 71.69550165
(12,2) 78.53449943
(12,3) 79.74137579
(12,4) 79.95431956
(12,5) 79.99169855
(12,6) 79.99716107
(12,7) 79.99169855
(12,8) 79.95431956
(12,9) 79.74137579
(12,10) 78.53449943
(12,11) 71.69550165
(12,12) 32.94117647
(13,0) 32.94117647
(13,1) 71.69550172
(13,2) 78.53450016
(13,3) 79.74138128
(13,4) 79.95435430
(13,5) 79.99190272
(13,6) 79.99832894
(13,7) 79.99832894
(13,8) 79.99190272
(13,9) 79.95435430
(13,10) 79.74138128
(13,11) 78.53450016
(13,12) 71.69550172
(13,13) 32.94117647
(14,0) 32.94117647
(14,1) 71.69550173
(14,2) 78.53450028
(14,3) 79.74138222
(14,4) 79.95436034
(14,5) 79.99193855
(14,6) 79.99853475
(14,7) 79.99949868
(14,8) 79.99853475
(14,9) 79.99193855
(14,10) 79.95436034
(14,11) 79.74138222
(14,12) 78.53450028
(14,13) 71.69550173
(14,14) 32.94117647
(15,0) 32.94117647
(15,1) 71.69550173
(15,2) 78.53450030
(15,3) 79.74138237
(15,4) 79.95436138
(15,5) 79.99194483
(15,6) 79.99857100
(15,7) 79.99970501
(15,8) 79.99970501
(15,9) 79.99857100
(15,10) 79.99194483
(15,11) 79.95436138
(15,12) 79.74138237
(15,13) 78.53450030
(15,14) 71.69550173
(15,15) 32.94117647
(16,0) 32.94117647
(16,1) 71.69550173
(16,2) 78.53450030
(16,3) 79.74138240
(16,4) 79.95436156
(16,5) 79.99194593
(16,6) 79.99857737
(16,7) 79.99974140
(16,8) 79.99991150
(16,9) 79.99974140
(16,10) 79.99857737
(16,11) 79.99194593
(16,12) 79.95436156
(16,13) 79.74138240
(16,14) 78.53450030
(16,15) 71.69550173
(16,16) 32.94117647
(17,0) 32.94117647
(17,1) 71.69550173
(17,2) 78.53450031
(17,3) 79.74138241
(17,4) 79.95436159
(17,5) 79.99194612
(17,6) 79.99857850
(17,7) 79.99974782
(17,8) 79.99994794
(17,9) 79.99994794
(17,10) 79.99974782
(17,11) 79.99857850
(17,12) 79.99194612
(17,13) 79.95436159
(17,14) 79.74138241
(17,15) 78.53450031
(17,16) 71.69550173
(17,17) 32.94117647
(18,0) 32.94117647
(18,1) 71.69550173
(18,2) 78.53450031
(18,3) 79.74138241
(18,4) 79.95436160
(18,5) 79.99194616
(18,6) 79.99857869
(18,7) 79.99974895
(18,8) 79.99995436
(18,9) 79.99998438
(18,10) 79.99995436
(18,11) 79.99974895
(18,12) 79.99857869
(18,13) 79.99194616
(18,14) 79.95436160
(18,15) 79.74138241
(18,16) 78.53450031
(18,17) 71.69550173
(18,18) 32.94117647
(19,0) 32.94117647
(19,1) 71.69550173
(19,2) 78.53450031
(19,3) 79.74138241
(19,4) 79.95436160
(19,5) 79.99194616
(19,6) 79.99857873
(19,7) 79.99974915
(19,8) 79.99995550
(19,9) 79.99999081
(19,10) 79.99999081
(19,11) 79.99995550
(19,12) 79.99974915
(19,13) 79.99857873
(19,14) 79.99194616
(19,15) 79.95436160
(19,16) 79.74138241
(19,17) 78.53450031
(19,18) 71.69550173
(19,19) 32.94117647
(20,0) 32.94117647
(20,1) 71.69550173
(20,2) 78.53450031
(20,3) 79.74138241
(20,4) 79.95436160
(20,5) 79.99194616
(20,6) 79.99857873
(20,7) 79.99974918
(20,8) 79.99995570
(20,9) 79.99999195
(20,10) 79.99999724
(20,11) 79.99999195
(20,12) 79.99995570
(20,13) 79.99974918
(20,14) 79.99857873
(20,15) 79.99194616
(20,16) 79.95436160
(20,17) 79.74138241
(20,18) 78.53450031
(20,19) 71.69550173
(20,20) 32.94117647
(21,0) 32.94117647
(21,1) 71.69550173
(21,2) 78.53450031
(21,3) 79.74138241
(21,4) 79.95436160
(21,5) 79.99194616
(21,6) 79.99857873
(21,7) 79.99974919
(21,8) 79.99995573
(21,9) 79.99999215
(21,10) 79.99999838
(21,11) 79.99999838
(21,12) 79.99999215
(21,13) 79.99995573
(21,14) 79.99974919
(21,15) 79.99857873
(21,16) 79.99194616
(21,17) 79.95436160
(21,18) 79.74138241
(21,19) 78.53450031
(21,20) 71.69550173
(21,21) 32.94117647
(22,0) 32.94117647
(22,1) 71.69550173
(22,2) 78.53450031
(22,3) 79.74138241
(22,4) 79.95436160
(22,5) 79.99194616
(22,6) 79.99857873
(22,7) 79.99974919
(22,8) 79.99995574
(22,9) 79.99999218
(22,10) 79.99999858
(22,11) 79.99999951
(22,12) 79.99999858
(22,13) 79.99999218
(22,14) 79.99995574
(22,15) 79.99974919
(22,16) 79.99857873
(22,17) 79.99194616
(22,18) 79.95436160
(22,19) 79.74138241
(22,20) 78.53450031
(22,21) 71.69550173
(22,22) 32.94117647
 
5-*********************************************************
(0,0) 0.00000000
(1,0) 21329.50000000
(1,1) 21329.50000000
(2,0) 24528.92500000
(2,1) 49057.85000000
(2,2) 24528.92500000
(3,0) 25008.83875000
(3,1) 53697.01625000
(3,2) 53697.01625000
(3,3) 25008.83875000
(4,0) 25080.82581250
(4,1) 54464.87825000
(4,2) 58768.10487500
(4,3) 54464.87825000
(4,4) 25080.82581250
(5,0) 25091.62387187
(5,1) 54590.85560938
(5,2) 59643.94746875
(5,3) 59643.94746875
(5,4) 54590.85560938
(5,5) 25091.62387187
(6,0) 25093.24358078
(6,1) 54611.37192219
(6,2) 59794.22046172
(6,3) 60552.18424063
(6,4) 59794.22046172
(6,5) 54611.37192219
(6,6) 25093.24358078
(7,0) 25093.48653712
(7,1) 54614.69232545
(7,2) 59819.83885759
(7,3) 60710.96070535
(7,4) 60710.96070535
(7,5) 59819.83885759
(7,6) 54614.69232545
(7,7) 25093.48653712
(8,0) 25093.52298057
(8,1) 54615.22682938
(8,2) 59824.17967745
(8,3) 60738.61993444
(8,4) 60872.28821161
(8,5) 60738.61993444
(8,6) 59824.17967745
(8,7) 54615.22682938
(8,8) 25093.52298057
(9,0) 25093.52844709
(9,1) 54615.31247149
(9,2) 59824.91097603
(9,3) 60743.41994178
(9,4) 60900.63622191
(9,5) 60900.63622191
(9,6) 60743.41994178
(9,7) 59824.91097603
(9,8) 54615.31247149
(9,9) 25093.52844709
(10,0) 25093.52926706
(10,1) 54615.32613779
(10,2) 59825.03351713
(10,3) 60744.24963767
(10,4) 60905.60842455
(10,5) 60929.19086657
(10,6) 60905.60842455
(10,7) 60744.24963767
(10,8) 59825.03351713
(10,9) 54615.32613779
(10,10) 25093.52926706
(11,0) 25093.52939006
(11,1) 54615.32831073
(11,2) 59825.05394824
(11,3) 60744.39247322
(11,4) 60906.47870933
(11,5) 60934.21989367
(11,6) 60934.21989367
(11,7) 60906.47870933
(11,8) 60744.39247322
(11,9) 59825.05394824
(11,10) 54615.32831073
(11,11) 25093.52939006
(12,0) 25093.52940851
(12,1) 54615.32865512
(12,2) 59825.05733884
(12,3) 60744.41696322
(12,4) 60906.63067738
(12,5) 60935.10479045
(12,6) 60939.26596810
(12,7) 60935.10479045
(12,8) 60906.63067738
(12,9) 60744.41696322
(12,10) 59825.05733884
(12,11) 54615.32865512
(12,12) 25093.52940851
(13,0) 25093.52941128
(13,1) 54615.32870954
(13,2) 59825.05789909
(13,3) 60744.42114531
(13,4) 60906.65714609
(13,5) 60935.26032018
(13,6) 60940.15561378
(13,7) 60940.15561378
(13,8) 60935.26032018
(13,9) 60906.65714609
(13,10) 60744.42114531
(13,11) 59825.05789909
(13,12) 54615.32870954
(13,13) 25093.52941128
(14,0) 25093.52941169
(14,1) 54615.32871812
(14,2) 59825.05799130
(14,3) 60744.42185666
(14,4) 60906.66174371
(14,5) 60935.28761994
(14,6) 60940.31239009
(14,7) 60941.04668413
(14,8) 60940.31239009
(14,9) 60935.28761994
(14,10) 60906.66174371
(14,11) 60744.42185666
(14,12) 59825.05799130
(14,13) 54615.32871812
(14,14) 25093.52941169
(15,0) 25093.52941175
(15,1) 54615.32871947
(15,2) 59825.05800641
(15,3) 60744.42197719
(15,4) 60906.66254006
(15,5) 60935.29240455
(15,6) 60940.34000151
(15,7) 60941.20386113
(15,8) 60941.20386113
(15,9) 60940.34000151
(15,10) 60935.29240455
(15,11) 60906.66254006
(15,12) 60744.42197719
(15,13) 59825.05800641
(15,14) 54615.32871947
(15,15) 25093.52941175
(16,0) 25093.52941176
(16,1) 54615.32871968
(16,2) 59825.05800888
(16,3) 60744.42199754
(16,4) 60906.66267759
(16,5) 60935.29324169
(16,6) 60940.34486091
(16,7) 60941.23157940
(16,8) 60941.36115834
(16,9) 60941.23157940
(16,10) 60940.34486091
(16,11) 60935.29324169
(16,12) 60906.66267759
(16,13) 60744.42199754
(16,14) 59825.05800888
(16,15) 54615.32871968
(16,16) 25093.52941176
(17,0) 25093.52941176
(17,1) 54615.32871972
(17,2) 59825.05800928
(17,3) 60744.42200096
(17,4) 60906.66270127
(17,5) 60935.29338789
(17,6) 60940.34571539
(17,7) 60941.23646605
(17,8) 60941.38891066
(17,9) 60941.38891066
(17,10) 60941.23646605
(17,11) 60940.34571539
(17,12) 60935.29338789
(17,13) 60906.66270127
(17,14) 60744.42200096
(17,15) 59825.05800928
(17,16) 54615.32871972
(17,17) 25093.52941176
(18,0) 25093.52941176
(18,1) 54615.32871972
(18,2) 59825.05800935
(18,3) 60744.42200154
(18,4) 60906.66270533
(18,5) 60935.29341337
(18,6) 60940.34586549
(18,7) 60941.23732722
(18,8) 60941.39380651
(18,9) 60941.41667320
(18,10) 60941.39380651
(18,11) 60941.23732722
(18,12) 60940.34586549
(18,13) 60935.29341337
(18,14) 60906.66270533
(18,15) 60744.42200154
(18,16) 59825.05800935
(18,17) 54615.32871972
(18,18) 25093.52941176
(19,0) 25093.52941176
(19,1) 54615.32871972
(19,2) 59825.05800936
(19,3) 60744.42200163
(19,4) 60906.66270603
(19,5) 60935.29341781
(19,6) 60940.34589183
(19,7) 60941.23747891
(19,8) 60941.39467006
(19,9) 60941.42157196
(19,10) 60941.42157196
(19,11) 60941.39467006
(19,12) 60941.23747891
(19,13) 60940.34589183
(19,14) 60935.29341781
(19,15) 60906.66270603
(19,16) 60744.42200163
(19,17) 59825.05800936
(19,18) 54615.32871972
(19,19) 25093.52941176
(20,0) 25093.52941176
(20,1) 54615.32871972
(20,2) 59825.05800936
(20,3) 60744.42200165
(20,4) 60906.66270615
(20,5) 60935.29341858
(20,6) 60940.34589645
(20,7) 60941.23750561
(20,8) 60941.39482234
(20,9) 60941.42243630
(20,10) 60941.42647159
(20,11) 60941.42243630
(20,12) 60941.39482234
(20,13) 60941.23750561
(20,14) 60940.34589645
(20,15) 60935.29341858
(20,16) 60906.66270615
(20,17) 60744.42200165
(20,18) 59825.05800936
(20,19) 54615.32871972
(20,20) 25093.52941176
(21,0) 25093.52941176
(21,1) 54615.32871972
(21,2) 59825.05800936
(21,3) 60744.42200165
(21,4) 60906.66270617
(21,5) 60935.29341871
(21,6) 60940.34589725
(21,7) 60941.23751031
(21,8) 60941.39484919
(21,9) 60941.42258880
(21,10) 60941.42733618
(21,11) 60941.42733618
(21,12) 60941.42258880
(21,13) 60941.39484919
(21,14) 60941.23751031
(21,15) 60940.34589725
(21,16) 60935.29341871
(21,17) 60906.66270617
(21,18) 60744.42200165
(21,19) 59825.05800936
(21,20) 54615.32871972
(21,21) 25093.52941176
(22,0) 25093.52941176
(22,1) 54615.32871972
(22,2) 59825.05800936
(22,3) 60744.42200165
(22,4) 60906.66270617
(22,5) 60935.29341873
(22,6) 60940.34589739
(22,7) 60941.23751113
(22,8) 60941.39485393
(22,9) 60941.42261570
(22,10) 60941.42748875
(22,11) 60941.42820085
(22,12) 60941.42748875
(22,13) 60941.42261570
(22,14) 60941.39485393
(22,15) 60941.23751113
(22,16) 60940.34589739
(22,17) 60935.29341873
(22,18) 60906.66270617
(22,19) 60744.42200165
(22,20) 59825.05800936
(22,21) 54615.32871972
(22,22) 25093.52941176
(23,0) 25093.52941176
(23,1) 54615.32871972
(23,2) 59825.05800936
(23,3) 60744.42200165
(23,4) 60906.66270617
(23,5) 60935.29341874
(23,6) 60940.34589742
(23,7) 60941.23751128
(23,8) 60941.39485476
(23,9) 60941.42262044
(23,10) 60941.42751567
(23,11) 60941.42835344
(23,12) 60941.42835344
(23,13) 60941.42751567
(23,14) 60941.42262044
(23,15) 60941.39485476
(23,16) 60941.23751128
(23,17) 60940.34589742
(23,18) 60935.29341874
(23,19) 60906.66270617
(23,20) 60744.42200165
(23,21) 59825.05800936
(23,22) 54615.32871972
(23,23) 25093.52941176
(24,0) 25093.52941176
(24,1) 54615.32871972
(24,2) 59825.05800936
(24,3) 60744.42200165
(24,4) 60906.66270617
(24,5) 60935.29341874
(24,6) 60940.34589742
(24,7) 60941.23751130
(24,8) 60941.39485491
(24,9) 60941.42262128
(24,10) 60941.42752042
(24,11) 60941.42838037
(24,12) 60941.42850603
(24,13) 60941.42838037
(24,14) 60941.42752042
(24,15) 60941.42262128
(24,16) 60941.39485491
(24,17) 60941.23751130
(24,18) 60940.34589742
(24,19) 60935.29341874
(24,20) 60906.66270617
(24,21) 60744.42200165
(24,22) 59825.05800936
(24,23) 54615.32871972
(24,24) 25093.52941176
 
6-*********************************************************
(0,0) 0.00000000
(1,0) 4924.50000000
(1,1) 4924.50000000
(2,0) 5663.17500000
(2,1) 11326.35000000
(2,2) 5663.17500000
(3,0) 5773.97625000
(3,1) 12397.42875000
(3,2) 12397.42875000
(3,3) 5773.97625000
(4,0) 5790.59643750
(4,1) 12574.71075000
(4,2) 13568.22862500
(4,3) 12574.71075000
(4,4) 5790.59643750
(5,0) 5793.08946563
(5,1) 12603.79607813
(5,2) 13770.44090625
(5,3) 13770.44090625
(5,4) 12603.79607813
(5,5) 5793.08946563
(6,0) 5793.46341984
(6,1) 12608.53283156
(6,2) 13805.13554766
(6,3) 13980.13227187
(6,4) 13805.13554766
(6,5) 12608.53283156
(6,6) 5793.46341984
(7,0) 5793.51951298
(7,1) 12609.29943771
(7,2) 13811.05025688
(7,3) 14016.79017293
(7,4) 14016.79017293
(7,5) 13811.05025688
(7,6) 12609.29943771
(7,7) 5793.51951298
(8,0) 5793.52792695
(8,1) 12609.42284260
(8,2) 13812.05245419
(8,3) 14023.17606447
(8,4) 14054.03705188
(8,5) 14023.17606447
(8,6) 13812.05245419
(8,7) 12609.42284260
(8,8) 5793.52792695
(9,0) 5793.52918904
(9,1) 12609.44261543
(9,2) 13812.22129452
(9,3) 14024.28427780
(9,4) 14060.58196745
(9,5) 14060.58196745
(9,6) 14024.28427780
(9,7) 13812.22129452
(9,8) 12609.44261543
(9,9) 5793.52918904
(10,0) 5793.52937836
(10,1) 12609.44577067
(10,2) 13812.24958649
(10,3) 14024.47583585
(10,4) 14061.72993679
(10,5) 14067.17459024
(10,6) 14061.72993679
(10,7) 14024.47583585
(10,8) 13812.24958649
(10,9) 12609.44577067
(10,10) 5793.52937836
 
7-*********************************************************
(0,0) 0.00000000
(1,0) 38685.00000000
(1,1) 38685.00000000
(2,0) 44487.75000000
(2,1) 88975.50000000
(2,2) 44487.75000000
(3,0) 45358.16250000
(3,1) 97389.48750000
(3,2) 97389.48750000
(3,3) 45358.16250000
(4,0) 45488.72437500
(4,1) 98782.14750000
(4,2) 106586.84625000
(4,3) 98782.14750000
(4,4) 45488.72437500
(5,0) 45508.30865625
(5,1) 99010.63078125
(5,2) 108175.34906250
(5,3) 108175.34906250
(5,4) 99010.63078125
(5,5) 45508.30865625
(6,0) 45511.24629844
(6,1) 99047.84091562
(6,2) 108447.89697656
(6,3) 109822.60471875
(6,4) 108447.89697656
(6,5) 99047.84091562
(6,6) 45511.24629844
(7,0) 45511.68694477
(7,1) 99053.86308211
(7,2) 108494.36068383
(7,3) 110110.57525430
(7,4) 110110.57525430
(7,5) 108494.36068383
(7,6) 99053.86308211
(7,7) 45511.68694477
(8,0) 45511.75304171
(8,1) 99054.83250403
(8,2) 108502.23356489
(8,3) 110160.74039072
(8,4) 110403.17257629
(8,5) 110160.74039072
(8,6) 108502.23356489
(8,7) 99054.83250403
(8,8) 45511.75304171
(9,0) 45511.76295626
(9,1) 99054.98783186
(9,2) 108503.55991034
(9,3) 110169.44609334
(9,4) 110454.58694505
(9,5) 110454.58694505
(9,6) 110169.44609334
(9,7) 108503.55991034
(9,8) 99054.98783186
(9,9) 45511.76295626
(10,0) 45511.76444344
(10,1) 99055.01261822
(10,2) 108503.78216133
(10,3) 110170.95090055
(10,4) 110463.60495576
(10,5) 110506.37608352
(10,6) 110463.60495576
(10,7) 110170.95090055
(10,8) 108503.78216133
(10,9) 99055.01261822
(10,10) 45511.76444344
(11,0) 45511.76466652
(11,1) 99055.01655925
(11,2) 108503.81921693
(11,3) 110171.20995928
(11,4) 110465.18337845
(11,5) 110515.49715589
(11,6) 110515.49715589
(11,7) 110465.18337845
(11,8) 110171.20995928
(11,9) 108503.81921693
(11,10) 99055.01655925
(11,11) 45511.76466652
(12,0) 45511.76469998
(12,1) 99055.01718386
(12,2) 108503.82536643
(12,3) 110171.25437643
(12,4) 110465.45900066
(12,5) 110517.10208015
(12,6) 110524.64914677
(12,7) 110517.10208015
(12,8) 110465.45900066
(12,9) 110171.25437643
(12,10) 108503.82536643
(12,11) 99055.01718386
(12,12) 45511.76469998
(13,0) 45511.76470500
(13,1) 99055.01728258
(13,2) 108503.82638254
(13,3) 110171.26196143
(13,4) 110465.50700656
(13,5) 110517.38416212
(13,6) 110526.26268404
(13,7) 110526.26268404
(13,8) 110517.38416212
(13,9) 110465.50700656
(13,10) 110171.26196143
(13,11) 108503.82638254
(13,12) 99055.01728258
(13,13) 45511.76470500
(14,0) 45511.76470575
(14,1) 99055.01729814
(14,2) 108503.82654977
(14,3) 110171.26325160
(14,4) 110465.51534520
(14,5) 110517.43367530
(14,6) 110526.54702692
(14,7) 110527.87880521
(14,8) 110526.54702692
(14,9) 110517.43367530
(14,10) 110465.51534520
(14,11) 110171.26325160
(14,12) 108503.82654977
(14,13) 99055.01729814
(14,14) 45511.76470575
(15,0) 45511.76470586
(15,1) 99055.01730058
(15,2) 108503.82657719
(15,3) 110171.26347020
(15,4) 110465.51678952
(15,5) 110517.44235308
(15,6) 110526.59710533
(15,7) 110528.16387482
(15,8) 110528.16387482
(15,9) 110526.59710533
(15,10) 110517.44235308
(15,11) 110465.51678952
(15,12) 110171.26347020
(15,13) 108503.82657719
(15,14) 99055.01730058
(15,15) 45511.76470586
(16,0) 45511.76470588
(16,1) 99055.01730097
(16,2) 108503.82658167
(16,3) 110171.26350711
(16,4) 110465.51703896
(16,5) 110517.44387139
(16,6) 110526.60591876
(16,7) 110528.21414702
(16,8) 110528.44916245
(16,9) 110528.21414702
(16,10) 110526.60591876
(16,11) 110517.44387139
(16,12) 110465.51703896
(16,13) 110171.26350711
(16,14) 108503.82658167
(16,15) 99055.01730097
(16,16) 45511.76470588
(17,0) 45511.76470588
(17,1) 99055.01730103
(17,2) 108503.82658239
(17,3) 110171.26351332
(17,4) 110465.51708191
(17,5) 110517.44413655
(17,6) 110526.60746852
(17,7) 110528.22300987
(17,8) 110528.49949642
(17,9) 110528.49949642
(17,10) 110528.22300987
(17,11) 110526.60746852
(17,12) 110517.44413655
(17,13) 110465.51708191
(17,14) 110171.26351332
(17,15) 108503.82658239
(17,16) 99055.01730103
(17,17) 45511.76470588
(18,0) 45511.76470588
(18,1) 99055.01730104
(18,2) 108503.82658251
(18,3) 110171.26351436
(18,4) 110465.51708928
(18,5) 110517.44418277
(18,6) 110526.60774076
(18,7) 110528.22457176
(18,8) 110528.50837594
(18,9) 110528.54984893
(18,10) 110528.50837594
(18,11) 110528.22457176
(18,12) 110526.60774076
(18,13) 110517.44418277
(18,14) 110465.51708928
(18,15) 110171.26351436
(18,16) 108503.82658251
(18,17) 99055.01730104
(18,18) 45511.76470588
(19,0) 45511.76470588
(19,1) 99055.01730104
(19,2) 108503.82658253
(19,3) 110171.26351453
(19,4) 110465.51709055
(19,5) 110517.44419081
(19,6) 110526.60778853
(19,7) 110528.22484688
(19,8) 110528.50994216
(19,9) 110528.55873373
(19,10) 110528.55873373
(19,11) 110528.50994216
(19,12) 110528.22484688
(19,13) 110526.60778853
(19,14) 110517.44419081
(19,15) 110465.51709055
(19,16) 110171.26351453
(19,17) 108503.82658253
(19,18) 99055.01730104
(19,19) 45511.76470588
(20,0) 45511.76470588
(20,1) 99055.01730104
(20,2) 108503.82658254
(20,3) 110171.26351456
(20,4) 110465.51709076
(20,5) 110517.44419220
(20,6) 110526.60779690
(20,7) 110528.22489531
(20,8) 110528.51021835
(20,9) 110528.56030138
(20,10) 110528.56762012
(20,11) 110528.56030138
(20,12) 110528.51021835
(20,13) 110528.22489531
(20,14) 110526.60779690
(20,15) 110517.44419220
(20,16) 110465.51709076
(20,17) 110171.26351456
(20,18) 108503.82658254
(20,19) 99055.01730104
(20,20) 45511.76470588
(21,0) 45511.76470588
(21,1) 99055.01730104
(21,2) 108503.82658254
(21,3) 110171.26351456
(21,4) 110465.51709080
(21,5) 110517.44419244
(21,6) 110526.60779837
(21,7) 110528.22490383
(21,8) 110528.51026705
(21,9) 110528.56057796
(21,10) 110528.56918823
(21,11) 110528.56918823
(21,12) 110528.56057796
(21,13) 110528.51026705
(21,14) 110528.22490383
(21,15) 110526.60779837
(21,16) 110517.44419244
(21,17) 110465.51709080
(21,18) 110171.26351456
(21,19) 108503.82658254
(21,20) 99055.01730104
(21,21) 45511.76470588
(22,0) 45511.76470588
(22,1) 99055.01730104
(22,2) 108503.82658254
(22,3) 110171.26351457
(22,4) 110465.51709080
(22,5) 110517.44419249
(22,6) 110526.60779862
(22,7) 110528.22490533
(22,8) 110528.51027563
(22,9) 110528.56062675
(22,10) 110528.56946493
(22,11) 110528.57075647
(22,12) 110528.56946493
(22,13) 110528.56062675
(22,14) 110528.51027563
(22,15) 110528.22490533
(22,16) 110526.60779862
(22,17) 110517.44419249
(22,18) 110465.51709080
(22,19) 110171.26351457
(22,20) 108503.82658254
(22,21) 99055.01730104
(22,22) 45511.76470588
 
8-*********************************************************
(0,0) 0.00000000
(1,0) 11956.00000000
(1,1) 11956.00000000
(2,0) 13749.40000000
(2,1) 27498.80000000
(2,2) 13749.40000000
(3,0) 14018.41000000
(3,1) 30099.23000000
(3,2) 30099.23000000
(3,3) 14018.41000000
(4,0) 14058.76150000
(4,1) 30529.64600000
(4,2) 32941.76900000
(4,3) 30529.64600000
(4,4) 14058.76150000
(5,0) 14064.81422500
(5,1) 30600.26112500
(5,2) 33432.71225000
(5,3) 33432.71225000
(5,4) 30600.26112500
(5,5) 14064.81422500
(6,0) 14065.72213375
(6,1) 30611.76130250
(6,2) 33516.94600625
(6,3) 33941.81367500
(6,4) 33516.94600625
(6,5) 30611.76130250
(6,6) 14065.72213375
(7,0) 14065.85832006
(7,1) 30613.62251544
(7,2) 33531.30609631
(7,3) 34030.81395219
(7,4) 34030.81395219
(7,5) 33531.30609631
(7,6) 30613.62251544
(7,7) 14065.85832006
(8,0) 14065.87874801
(8,1) 30613.92212532
(8,2) 33533.73929176
(8,3) 34046.31800727
(8,4) 34121.24418566
(8,5) 34046.31800727
(8,6) 33533.73929176
(8,7) 30613.92212532
(8,8) 14065.87874801
(9,0) 14065.88181220
(9,1) 30613.97013100
(9,2) 33534.14921256
(9,3) 34049.00859486
(9,4) 34137.13432894
(9,5) 34137.13432894
(9,6) 34049.00859486
(9,7) 33534.14921256
(9,8) 30613.97013100
(9,9) 14065.88181220
 
9-*********************************************************
(0,0) 0.00000000
(1,0) 861.50000000
(1,1) 861.50000000
(2,0) 990.72500000
(2,1) 1981.45000000
(2,2) 990.72500000
(3,0) 1010.10875000
(3,1) 2168.82625000
(3,2) 2168.82625000
(3,3) 1010.10875000
(4,0) 1013.01631250
(4,1) 2199.84025000
(4,2) 2373.64787500
(4,3) 2199.84025000
(4,4) 1013.01631250
(5,0) 1013.45244687
(5,1) 2204.92848438
(5,2) 2409.02321875
(5,3) 2409.02321875
(5,4) 2204.92848438
(5,5) 1013.45244687
(6,0) 1013.51786703
(6,1) 2205.75713969
(6,2) 2415.09275547
(6,3) 2445.70696563
(6,4) 2415.09275547
(6,5) 2205.75713969
(6,6) 1013.51786703
(7,0) 1013.52768005
(7,1) 2205.89125101
(7,2) 2416.12748427
(7,3) 2452.11995816
(7,4) 2452.11995816
(7,5) 2416.12748427
(7,6) 2205.89125101
(7,7) 1013.52768005
(8,0) 1013.52915201
(8,1) 2205.91283966
(8,2) 2416.30281029
(8,3) 2453.23711637
(8,4) 2458.63598745
(8,5) 2453.23711637
(8,6) 2416.30281029
(8,7) 2205.91283966
(8,8) 1013.52915201
(9,0) 1013.52937280
(9,1) 2205.91629875
(9,2) 2416.33234749
(9,3) 2453.43098900
(9,4) 2459.78096557
(9,5) 2459.78096557
(9,6) 2453.43098900
(9,7) 2416.33234749
(9,8) 2205.91629875
(9,9) 1013.52937280
(10,0) 1013.52940592
(10,1) 2205.91685073
(10,2) 2416.33729694
(10,3) 2453.46450047
(10,4) 2459.98179319
(10,5) 2460.93428967
(10,6) 2459.98179319
(10,7) 2453.46450047
(10,8) 2416.33729694
(10,9) 2205.91685073
(10,10) 1013.52940592
(11,0) 1013.52941089
(11,1) 2205.91693850
(11,2) 2416.33812215
(11,3) 2453.47026961
(11,4) 2460.01694405
(11,5) 2461.13741243
(11,6) 2461.13741243
(11,7) 2460.01694405
(11,8) 2453.47026961
(11,9) 2416.33812215
(11,10) 2205.91693850
(11,11) 1013.52941089
(12,0) 1013.52941163
(12,1) 2205.91695241
(12,2) 2416.33825910
(12,3) 2453.47125876
(12,4) 2460.02308205
(12,5) 2461.17315347
(12,6) 2461.34122373
(12,7) 2461.17315347
(12,8) 2460.02308205
(12,9) 2453.47125876
(12,10) 2416.33825910
(12,11) 2205.91695241
(12,12) 1013.52941163
(13,0) 1013.52941174
(13,1) 2205.91695461
(13,2) 2416.33828173
(13,3) 2453.47142768
(13,4) 2460.02415112
(13,5) 2461.17943533
(13,6) 2461.37715658
(13,7) 2461.37715658
(13,8) 2461.17943533
(13,9) 2460.02415112
(13,10) 2453.47142768
(13,11) 2416.33828173
(13,12) 2205.91695461
(13,13) 1013.52941174
(14,0) 1013.52941176
(14,1) 2205.91695495
(14,2) 2416.33828545
(14,3) 2453.47145641
(14,4) 2460.02433682
(14,5) 2461.18053797
(14,6) 2461.38348879
(14,7) 2461.41314697
(14,8) 2461.38348879
(14,9) 2461.18053797
(14,10) 2460.02433682
(14,11) 2453.47145641
(14,12) 2416.33828545
(14,13) 2205.91695495
(14,14) 1013.52941176
(15,0) 1013.52941176
(15,1) 2205.91695501
(15,2) 2416.33828606
(15,3) 2453.47146128
(15,4) 2460.02436898
(15,5) 2461.18073122
(15,6) 2461.38460401
(15,7) 2461.41949536
(15,8) 2461.41949536
(15,9) 2461.38460401
(15,10) 2461.18073122
(15,11) 2460.02436898
(15,12) 2453.47146128
(15,13) 2416.33828606
(15,14) 2205.91695501
(15,15) 1013.52941176
(16,0) 1013.52941176
(16,1) 2205.91695502
(16,2) 2416.33828616
(16,3) 2453.47146210
(16,4) 2460.02437454
(16,5) 2461.18076503
(16,6) 2461.38480028
(16,7) 2461.42061491
(16,8) 2461.42584861
(16,9) 2461.42061491
(16,10) 2461.38480028
(16,11) 2461.18076503
(16,12) 2460.02437454
(16,13) 2453.47146210
(16,14) 2416.33828616
(16,15) 2205.91695502
(16,16) 1013.52941176
(17,0) 1013.52941176
(17,1) 2205.91695502
(17,2) 2416.33828618
(17,3) 2453.47146224
(17,4) 2460.02437550
(17,5) 2461.18077094
(17,6) 2461.38483480
(17,7) 2461.42081228
(17,8) 2461.42696953
(17,9) 2461.42696953
(17,10) 2461.42081228
(17,11) 2461.38483480
(17,12) 2461.18077094
(17,13) 2460.02437550
(17,14) 2453.47146224
(17,15) 2416.33828618
(17,16) 2205.91695502
(17,17) 1013.52941176
(18,0) 1013.52941176
(18,1) 2205.91695502
(18,2) 2416.33828618
(18,3) 2453.47146226
(18,4) 2460.02437566
(18,5) 2461.18077196
(18,6) 2461.38484086
(18,7) 2461.42084706
(18,8) 2461.42716727
(18,9) 2461.42809086
(18,10) 2461.42716727
(18,11) 2461.42084706
(18,12) 2461.38484086
(18,13) 2461.18077196
(18,14) 2460.02437566
(18,15) 2453.47146226
(18,16) 2416.33828618
(18,17) 2205.91695502
(18,18) 1013.52941176
(19,0) 1013.52941176
(19,1) 2205.91695502
(19,2) 2416.33828618
(19,3) 2453.47146227
(19,4) 2460.02437569
(19,5) 2461.18077214
(19,6) 2461.38484192
(19,7) 2461.42085319
(19,8) 2461.42720215
(19,9) 2461.42828872
(19,10) 2461.42828872
(19,11) 2461.42720215
(19,12) 2461.42085319
(19,13) 2461.38484192
(19,14) 2461.18077214
(19,15) 2460.02437569
(19,16) 2453.47146227
(19,17) 2416.33828618
(19,18) 2205.91695502
(19,19) 1013.52941176
(20,0) 1013.52941176
(20,1) 2205.91695502
(20,2) 2416.33828618
(20,3) 2453.47146227
(20,4) 2460.02437569
(20,5) 2461.18077217
(20,6) 2461.38484211
(20,7) 2461.42085427
(20,8) 2461.42720830
(20,9) 2461.42832363
(20,10) 2461.42848662
(20,11) 2461.42832363
(20,12) 2461.42720830
(20,13) 2461.42085427
(20,14) 2461.38484211
(20,15) 2461.18077217
(20,16) 2460.02437569
(20,17) 2453.47146227
(20,18) 2416.33828618
(20,19) 2205.91695502
(20,20) 1013.52941176
(21,0) 1013.52941176
(21,1) 2205.91695502
(21,2) 2416.33828618
(21,3) 2453.47146227
(21,4) 2460.02437569
(21,5) 2461.18077218
(21,6) 2461.38484214
(21,7) 2461.42085446
(21,8) 2461.42720939
(21,9) 2461.42832979
(21,10) 2461.42852154
(21,11) 2461.42852154
(21,12) 2461.42832979
(21,13) 2461.42720939
(21,14) 2461.42085446
(21,15) 2461.38484214
(21,16) 2461.18077218
(21,17) 2460.02437569
(21,18) 2453.47146227
(21,19) 2416.33828618
(21,20) 2205.91695502
(21,21) 1013.52941176
(22,0) 1013.52941176
(22,1) 2205.91695502
(22,2) 2416.33828618
(22,3) 2453.47146227
(22,4) 2460.02437569
(22,5) 2461.18077218
(22,6) 2461.38484215
(22,7) 2461.42085449
(22,8) 2461.42720958
(22,9) 2461.42833088
(22,10) 2461.42852770
(22,11) 2461.42855646
(22,12) 2461.42852770
(22,13) 2461.42833088
(22,14) 2461.42720958
(22,15) 2461.42085449
(22,16) 2461.38484215
(22,17) 2461.18077218
(22,18) 2460.02437569
(22,19) 2453.47146227
(22,20) 2416.33828618
(22,21) 2205.91695502
(22,22) 1013.52941176
(23,0) 1013.52941176
(23,1) 2205.91695502
(23,2) 2416.33828618
(23,3) 2453.47146227
(23,4) 2460.02437569
(23,5) 2461.18077218
(23,6) 2461.38484215
(23,7) 2461.42085450
(23,8) 2461.42720961
(23,9) 2461.42833107
(23,10) 2461.42852879
(23,11) 2461.42856262
(23,12) 2461.42856262
(23,13) 2461.42852879
(23,14) 2461.42833107
(23,15) 2461.42720961
(23,16) 2461.42085450
(23,17) 2461.38484215
(23,18) 2461.18077218
(23,19) 2460.02437569
(23,20) 2453.47146227
(23,21) 2416.33828618
(23,22) 2205.91695502
(23,23) 1013.52941176
(24,0) 1013.52941176
(24,1) 2205.91695502
(24,2) 2416.33828618
(24,3) 2453.47146227
(24,4) 2460.02437569
(24,5) 2461.18077218
(24,6) 2461.38484215
(24,7) 2461.42085450
(24,8) 2461.42720962
(24,9) 2461.42833110
(24,10) 2461.42852898
(24,11) 2461.42856371
(24,12) 2461.42856879
(24,13) 2461.42856371
(24,14) 2461.42852898
(24,15) 2461.42833110
(24,16) 2461.42720962
(24,17) 2461.42085450
(24,18) 2461.38484215
(24,19) 2461.18077218
(24,20) 2460.02437569
(24,21) 2453.47146227
(24,22) 2416.33828618
(24,23) 2205.91695502
(24,24) 1013.52941176

10-*********************************************************
(0,0) 0.00000000
(1,0) 45091.00000000
(1,1) 45091.00000000
(2,0) 51854.65000000
(2,1) 103709.30000000
(2,2) 51854.65000000
(3,0) 52869.19750000
(3,1) 113516.59250000
(3,2) 113516.59250000
(3,3) 52869.19750000
(4,0) 53021.37962500
(4,1) 115139.86850000
(4,2) 124236.97775000
(4,3) 115139.86850000
(4,4) 53021.37962500
(5,0) 53044.20694375
(5,1) 115406.18721875
(5,2) 126088.52693750
(5,3) 126088.52693750
(5,4) 115406.18721875
(5,5) 53044.20694375
(6,0) 53047.63104156
(6,1) 115449.55912437
(6,2) 126406.20712344
(6,3) 128008.55808125
(6,4) 126406.20712344
(6,5) 115449.55912437
(6,6) 53047.63104156
(7,0) 53048.14465623
(7,1) 115456.57852489
(7,2) 126460.36493717
(7,3) 128344.21478070
(7,4) 128344.21478070
(7,5) 126460.36493717
(7,6) 115456.57852489
(7,7) 53048.14465623
(8,0) 53048.22169844
(8,1) 115457.70847717
(8,2) 126469.54151931
(8,3) 128402.68695768
(8,4) 128685.26443421
(8,5) 128402.68695768
(8,6) 126469.54151931
(8,7) 115457.70847717
(8,8) 53048.22169844
(9,0) 53048.23325477
(9,1) 115457.88952634
(9,2) 126471.08749947
(9,3) 128412.83427155
(9,4) 128745.19270878
(9,5) 128745.19270878
(9,6) 128412.83427155
(9,7) 126471.08749947
(9,8) 115457.88952634
(9,9) 53048.23325477
(10,0) 53048.23498821
(10,1) 115457.91841717
(10,2) 126471.34655387
(10,3) 128414.58826565
(10,4) 128755.70404705
(10,5) 128805.55781264
(10,6) 128755.70404705
(10,7) 128414.58826565
(10,8) 126471.34655387
(10,9) 115457.91841717
(10,10) 53048.23498821
(11,0) 53048.23524823
(11,1) 115457.92301081
(11,2) 126471.38974566
(11,3) 128414.89022293
(11,4) 128757.54384691
(11,5) 128816.18927895
(11,6) 128816.18927895
(11,7) 128757.54384691
(11,8) 128414.89022293
(11,9) 126471.38974566
(11,10) 115457.92301081
(11,11) 53048.23524823
(12,0) 53048.23528723
(12,1) 115457.92373886
(12,2) 126471.39691347
(12,3) 128414.94199529
(12,4) 128757.86511048
(12,5) 128818.05996888
(12,6) 128826.85678369
(12,7) 128818.05996888
(12,8) 128757.86511048
(12,9) 128414.94199529
(12,10) 126471.39691347
(12,11) 115457.92373886
(12,12) 53048.23528723

11-*********************************************************
(0,0) 0.00000000
(1,0) 22390.50000000
(1,1) 22390.50000000
(2,0) 25749.07500000
(2,1) 51498.15000000
(2,2) 25749.07500000
(3,0) 26252.86125000
(3,1) 56368.08375000
(3,2) 56368.08375000
(3,3) 26252.86125000
(4,0) 26328.42918750
(4,1) 57174.14175000
(4,2) 61691.42512500
(4,3) 57174.14175000
(4,4) 26328.42918750
(5,0) 26339.76437813
(5,1) 57306.38564062
(5,2) 62610.83503125
(5,3) 62610.83503125
(5,4) 57306.38564062
(5,5) 26339.76437813
(6,0) 26341.46465672
(6,1) 57327.92250281
(6,2) 62768.58310078
(6,3) 63564.25050937
(6,4) 62768.58310078
(6,5) 57327.92250281
(6,6) 26341.46465672
(7,0) 26341.71969851
(7,1) 57331.40807393
(7,2) 62795.47584054
(7,3) 63730.92504152
(7,4) 63730.92504152
(7,5) 62795.47584054
(7,6) 57331.40807393
(7,7) 26341.71969851
(8,0) 26341.75795478
(8,1) 57331.96916587
(8,2) 62800.03258717
(8,3) 63759.96013231
(8,4) 63900.27751246
(8,5) 63759.96013231
(8,6) 62800.03258717
(8,7) 57331.96916587
(8,8) 26341.75795478
(9,0) 26341.76369322
(9,1) 57332.05906810
(9,2) 62800.80026296
(9,3) 63764.99890792
(9,4) 63930.03564671
(9,5) 63930.03564671
(9,6) 63764.99890792
(9,7) 62800.80026296
(9,8) 57332.05906810
(9,9) 26341.76369322
(10,0) 26341.76455398
(10,1) 57332.07341420
(10,2) 62800.92889966
(10,3) 63765.86987563
(10,4) 63935.25518320
(10,5) 63960.01069401
(10,6) 63935.25518320
(10,7) 63765.86987563
(10,8) 62800.92889966
(10,9) 57332.07341420
(10,10) 26341.76455398
(11,0) 26341.76468310
(11,1) 57332.07569523
(11,2) 62800.95034708
(11,3) 63766.01981629
(11,4) 63936.16875882
(11,5) 63965.28988158
(11,6) 63965.28988158
(11,7) 63936.16875882
(11,8) 63766.01981629
(11,9) 62800.95034708
(11,10) 57332.07569523
(11,11) 26341.76468310
(12,0) 26341.76470246
(12,1) 57332.07605675
(12,2) 62800.95390635
(12,3) 63766.04552451
(12,4) 63936.32828627
(12,5) 63966.21879606
(12,6) 63970.58696447
(12,7) 63966.21879606
(12,8) 63936.32828627
(12,9) 63766.04552451
(12,10) 62800.95390635
(12,11) 57332.07605675
(12,12) 26341.76470246
(13,0) 26341.76470537
(13,1) 57332.07611388
(13,2) 62800.95449446
(13,3) 63766.04991463
(13,4) 63936.35607162
(13,5) 63966.38206235
(13,6) 63971.52086408
(13,7) 63971.52086408
(13,8) 63966.38206235
(13,9) 63936.35607162
(13,10) 63766.04991463
(13,11) 62800.95449446
(13,12) 57332.07611388
(13,13) 26341.76470537
(14,0) 26341.76470581
(14,1) 57332.07612289
(14,2) 62800.95459125
(14,3) 63766.05066136
(14,4) 63936.36089794
(14,5) 63966.41072009
(14,6) 63971.68543896
(14,7) 63972.45625922
(14,8) 63971.68543896
(14,9) 63966.41072009
(14,10) 63936.36089794
(14,11) 63766.05066136
(14,12) 62800.95459125
(14,13) 57332.07612289
(14,14) 26341.76470581
(15,0) 26341.76470587
(15,1) 57332.07612430
(15,2) 62800.95460712
(15,3) 63766.05078789
(15,4) 63936.36173390
(15,5) 63966.41574270
(15,6) 63971.71442386
(15,7) 63972.62125473
(15,8) 63972.62125473
(15,9) 63971.71442386
(15,10) 63966.41574270
(15,11) 63936.36173390
(15,12) 63766.05078789
(15,13) 62800.95460712
(15,14) 57332.07612430
(15,15) 26341.76470587

12-*********************************************************
(0,0) 0.00000000
(1,0) 17793.50000000
(1,1) 17793.50000000
(2,0) 20462.52500000
(2,1) 40925.05000000
(2,2) 20462.52500000
(3,0) 20862.87875000
(3,1) 44795.13625000
(3,2) 44795.13625000
(3,3) 20862.87875000
(4,0) 20922.93181250
(4,1) 45435.70225000
(4,2) 49025.54087500
(4,3) 45435.70225000
(4,4) 20922.93181250
(5,0) 20931.93977188
(5,1) 45540.79510938
(5,2) 49756.18646875
(5,3) 49756.18646875
(5,4) 45540.79510938
(5,5) 20931.93977188
(6,0) 20933.29096578
(6,1) 45557.91023219
(6,2) 49881.54723672
(6,3) 50513.85594062
(6,4) 49881.54723672
(6,5) 45557.91023219
(6,6) 20933.29096578
(7,0) 20933.49364487
(7,1) 45560.68017970
(7,2) 49902.91862034
(7,3) 50646.31047660
(7,4) 50646.31047660
(7,5) 49902.91862034
(7,6) 45560.68017970
(7,7) 20933.49364487
(8,0) 20933.52404673
(8,1) 45561.12607368
(8,2) 49906.53982000
(8,3) 50669.38436454
(8,4) 50780.89314298
(8,5) 50669.38436454
(8,6) 49906.53982000
(8,7) 45561.12607368
(8,8) 20933.52404673
(9,0) 20933.52860701
(9,1) 45561.19751806
(9,2) 49907.14988405
(9,3) 50673.38862768
(9,4) 50804.54162613
(9,5) 50804.54162613
(9,6) 50673.38862768
(9,7) 49907.14988405
(9,8) 45561.19751806
(9,9) 20933.52860701
(10,0) 20933.52929105
(10,1) 45561.20891876
(10,2) 49907.25211032
(10,3) 50674.08077676
(10,4) 50808.68953807
(10,5) 50828.36248784
(10,6) 50808.68953807
(10,7) 50674.08077676
(10,8) 49907.25211032
(10,9) 45561.20891876
(10,10) 20933.52929105
(11,0) 20933.52939366
(11,1) 45561.21073147
(11,2) 49907.26915436
(11,3) 50674.19993306
(11,4) 50809.41554722
(11,5) 50832.55780389
(11,6) 50832.55780389
(11,7) 50809.41554722
(11,8) 50674.19993306
(11,9) 49907.26915436
(11,10) 45561.21073147
(11,11) 20933.52939366
(12,0) 20933.52940905
(12,1) 45561.21101877
(12,2) 49907.27198288
(12,3) 50674.22036311
(12,4) 50809.54232204
(12,5) 50833.29600267
(12,6) 50836.76734117
(12,7) 50833.29600267
(12,8) 50809.54232204
(12,9) 50674.22036311
(12,10) 49907.27198288
(12,11) 45561.21101877
(12,12) 20933.52940905
(13,0) 20933.52941136
(13,1) 45561.21106417
(13,2) 49907.27245025
(13,3) 50674.22385190
(13,4) 50809.56440277
(13,5) 50833.42574871
(13,6) 50837.50950157
(13,7) 50837.50950157
(13,8) 50833.42574871
(13,9) 50809.56440277
(13,10) 50674.22385190
(13,11) 49907.27245025
(13,12) 45561.21106417
(13,13) 20933.52941136
(14,0) 20933.52941170
(14,1) 45561.21107133
(14,2) 49907.27252716
(14,3) 50674.22444532
(14,4) 50809.56823820
(14,5) 50833.44852272
(14,6) 50837.64028754
(14,7) 50838.25285047
(14,8) 50837.64028754
(14,9) 50833.44852272
(14,10) 50809.56823820
(14,11) 50674.22444532
(14,12) 49907.27252716
(14,13) 45561.21107133
(14,14) 20933.52941170
(15,0) 20933.52941176
(15,1) 45561.21107245
(15,2) 49907.27253977
(15,3) 50674.22454587
(15,4) 50809.56890253
(15,5) 50833.45251414
(15,6) 50837.66332154
(15,7) 50838.38397070
(15,8) 50838.38397070
(15,9) 50837.66332154
(15,10) 50833.45251414
(15,11) 50809.56890253
(15,12) 50674.22454587
(15,13) 49907.27253977
(15,14) 45561.21107245
(15,15) 20933.52941176
(16,0) 20933.52941176
(16,1) 45561.21107263
(16,2) 49907.27254183
(16,3) 50674.22456285
(16,4) 50809.56901726
(16,5) 50833.45321250
(16,6) 50837.66737535
(16,7) 50838.40709384
(16,8) 50838.51519121
(16,9) 50838.40709384
(16,10) 50837.66737535
(16,11) 50833.45321250
(16,12) 50809.56901726
(16,13) 50674.22456285
(16,14) 49907.27254183
(16,15) 45561.21107263
(16,16) 20933.52941176
(17,0) 20933.52941176
(17,1) 45561.21107266
(17,2) 49907.27254217
(17,3) 50674.22456570
(17,4) 50809.56903702
(17,5) 50833.45333446
(17,6) 50837.66808818
(17,7) 50838.41117038
(17,8) 50838.53834276
(17,9) 50838.53834276
(17,10) 50838.41117038
(17,11) 50837.66808818
(17,12) 50833.45333446
(17,13) 50809.56903702
(17,14) 50674.22456570
(17,15) 49907.27254217
(17,16) 45561.21107266
(17,17) 20933.52941176
(18,0) 20933.52941176
(18,1) 45561.21107266
(18,2) 49907.27254222
(18,3) 50674.22456618
(18,4) 50809.56904041
(18,5) 50833.45335572
(18,6) 50837.66821340
(18,7) 50838.41188878
(18,8) 50838.54242697
(18,9) 50838.56150283
(18,10) 50838.54242697
(18,11) 50838.41188878
(18,12) 50837.66821340
(18,13) 50833.45335572
(18,14) 50809.56904041
(18,15) 50674.22456618
(18,16) 49907.27254222
(18,17) 45561.21107266
(18,18) 20933.52941176
(19,0) 20933.52941176
(19,1) 45561.21107266
(19,2) 49907.27254223
(19,3) 50674.22456626
(19,4) 50809.56904099
(19,5) 50833.45335942
(19,6) 50837.66823537
(19,7) 50838.41201533
(19,8) 50838.54314736
(19,9) 50838.56558947
(19,10) 50838.56558947
(19,11) 50838.54314736
(19,12) 50838.41201533
(19,13) 50837.66823537
(19,14) 50833.45335942
(19,15) 50809.56904099
(19,16) 50674.22456626
(19,17) 49907.27254223
(19,18) 45561.21107266
(19,19) 20933.52941176
(20,0) 20933.52941176
(20,1) 45561.21107266
(20,2) 49907.27254223
(20,3) 50674.22456627
(20,4) 50809.56904109
(20,5) 50833.45336006
(20,6) 50837.66823922
(20,7) 50838.41203760
(20,8) 50838.54327440
(20,9) 50838.56631052
(20,10) 50838.56967684
(20,11) 50838.56631052
(20,12) 50838.54327440
(20,13) 50838.41203760
(20,14) 50837.66823922
(20,15) 50833.45336006
(20,16) 50809.56904109
(20,17) 50674.22456627
(20,18) 49907.27254223
(20,19) 45561.21107266
(20,20) 20933.52941176
(21,0) 20933.52941176
(21,1) 45561.21107266
(21,2) 49907.27254223
(21,3) 50674.22456628
(21,4) 50809.56904110
(21,5) 50833.45336017
(21,6) 50837.66823989
(21,7) 50838.41204152
(21,8) 50838.54329680
(21,9) 50838.56643774
(21,10) 50838.57039810
(21,11) 50838.57039810
(21,12) 50838.56643774
(21,13) 50838.54329680
(21,14) 50838.41204152
(21,15) 50837.66823989
(21,16) 50833.45336017
(21,17) 50809.56904110
(21,18) 50674.22456628
(21,19) 49907.27254223
(21,20) 45561.21107266
(21,21) 20933.52941176
(22,0) 20933.52941176
(22,1) 45561.21107266
(22,2) 49907.27254223
(22,3) 50674.22456628
(22,4) 50809.56904111
(22,5) 50833.45336019
(22,6) 50837.66824001
(22,7) 50838.41204221
(22,8) 50838.54330075
(22,9) 50838.56646018
(22,10) 50838.57052538
(22,11) 50838.57111943
(22,12) 50838.57052538
(22,13) 50838.56646018
(22,14) 50838.54330075
(22,15) 50838.41204221
(22,16) 50837.66824001
(22,17) 50833.45336019
(22,18) 50809.56904111
(22,19) 50674.22456628
(22,20) 49907.27254223
(22,21) 45561.21107266
(22,22) 20933.52941176
(23,0) 20933.52941176
(23,1) 45561.21107266
(23,2) 49907.27254223
(23,3) 50674.22456628
(23,4) 50809.56904111
(23,5) 50833.45336019
(23,6) 50837.66824003
(23,7) 50838.41204233
(23,8) 50838.54330144
(23,9) 50838.56646414
(23,10) 50838.57054783
(23,11) 50838.57124672
(23,12) 50838.57124672
(23,13) 50838.57054783
(23,14) 50838.56646414
(23,15) 50838.54330144
(23,16) 50838.41204233
(23,17) 50837.66824003
(23,18) 50833.45336019
(23,19) 50809.56904111
(23,20) 50674.22456628
(23,21) 49907.27254223
(23,22) 45561.21107266
(23,23) 20933.52941176

13-*********************************************************
(0,0) 0.00000000
(1,0) 7485.00000000
(1,1) 7485.00000000
(2,0) 8607.75000000
(2,1) 17215.50000000
(2,2) 8607.75000000
(3,0) 8776.16250000
(3,1) 18843.48750000
(3,2) 18843.48750000
(3,3) 8776.16250000
(4,0) 8801.42437500
(4,1) 19112.94750000
(4,2) 20623.04625000
(4,3) 19112.94750000
(4,4) 8801.42437500
(5,0) 8805.21365625
(5,1) 19157.15578125
(5,2) 20930.39906250
(5,3) 20930.39906250
(5,4) 19157.15578125
(5,5) 8805.21365625
(6,0) 8805.78204844
(6,1) 19164.35541563
(6,2) 20983.13322656
(6,3) 21249.11971875
(6,4) 20983.13322656
(6,5) 19164.35541563
(6,6) 8805.78204844
(7,0) 8805.86730727
(7,1) 19165.52061961
(7,2) 20992.12329633
(7,3) 21304.83794180
(7,4) 21304.83794180
(7,5) 20992.12329633
(7,6) 19165.52061961
(7,7) 8805.86730727
(8,0) 8805.88009609
(8,1) 19165.70818903
(8,2) 20993.64658739
(8,3) 21314.54418572
(8,4) 21361.45138254
(8,5) 21314.54418572
(8,6) 20993.64658739
(8,7) 19165.70818903
(8,8) 8805.88009609
(9,0) 8805.88201441
(9,1) 19165.73824277
(9,2) 20993.90321646
(9,3) 21316.22861597
(9,4) 21371.39933524
(9,5) 21371.39933524
(9,6) 21316.22861597
(9,7) 20993.90321646
(9,8) 19165.73824277
(9,9) 8805.88201441
(10,0) 8805.88230216
(10,1) 19165.74303858
(10,2) 20993.94621888
(10,3) 21316.51977486
(10,4) 21373.14419268
(10,5) 21381.41980057
(10,6) 21373.14419268
(10,7) 21316.51977486
(10,8) 20993.94621888
(10,9) 19165.74303858
(10,10) 8805.88230216
(11,0) 8805.88234532
(11,1) 19165.74380111
(11,2) 20993.95338862
(11,3) 21316.56989906
(11,4) 21373.44959513
(11,5) 21383.18459899
(11,6) 21383.18459899
(11,7) 21373.44959513
(11,8) 21316.56989906
(11,9) 20993.95338862
(11,10) 19165.74380111
(11,11) 8805.88234532
(12,0) 8805.88235180
(12,1) 19165.74392197
(12,2) 20993.95457846
(12,3) 21316.57849315
(12,4) 21373.50292413
(12,5) 21383.49512912
(12,6) 21384.95537970
(12,7) 21383.49512912
(12,8) 21373.50292413
(12,9) 21316.57849315
(12,10) 20993.95457846
(12,11) 19165.74392197
(12,12) 8805.88235180
(13,0) 8805.88235277
(13,1) 19165.74394106
(13,2) 20993.95477506
(13,3) 21316.57996074
(13,4) 21373.51221259
(13,5) 21383.54970799
(13,6) 21385.26757632
(13,7) 21385.26757632
(13,8) 21383.54970799
(13,9) 21373.51221259
(13,10) 21316.57996074
(13,11) 20993.95477506
(13,12) 19165.74394106
(13,13) 8805.88235277
(14,0) 8805.88235292
(14,1) 19165.74394408
(14,2) 20993.95480742
(14,3) 21316.58021037
(14,4) 21373.51382600
(14,5) 21383.55928809
(14,6) 21385.32259265
(14,7) 21385.58027290
(14,8) 21385.32259265
(14,9) 21383.55928809
(14,10) 21373.51382600
(14,11) 21316.58021037
(14,12) 20993.95480742
(14,13) 19165.74394408
(14,14) 8805.88235292
(15,0) 8805.88235294
(15,1) 19165.74394455
(15,2) 20993.95481272
(15,3) 21316.58025267
(15,4) 21373.51410546
(15,5) 21383.56096711
(15,6) 21385.33228211
(15,7) 21385.63542983
(15,8) 21385.63542983
(15,9) 21385.33228211
(15,10) 21383.56096711
(15,11) 21373.51410546
(15,12) 21316.58025267
(15,13) 20993.95481272
(15,14) 19165.74394455
(15,15) 8805.88235294
(16,0) 8805.88235294
(16,1) 19165.74394462
(16,2) 20993.95481359
(16,3) 21316.58025981
(16,4) 21373.51415372
(16,5) 21383.56126089
(16,6) 21385.33398738
(16,7) 21385.64515679
(16,8) 21385.69062895
(16,9) 21385.64515679
(16,10) 21385.33398738
(16,11) 21383.56126089
(16,12) 21373.51415372
(16,13) 21316.58025981
(16,14) 20993.95481359
(16,15) 19165.74394462
(16,16) 8805.88235294

14-*********************************************************
(0,0) 0.00000000
(1,0) 28054.50000000
(1,1) 28054.50000000
(2,0) 32262.67500000
(2,1) 64525.35000000
(2,2) 32262.67500000
(3,0) 32893.90125000
(3,1) 70627.20375000
(3,2) 70627.20375000
(3,3) 32893.90125000
(4,0) 32988.58518750
(4,1) 71637.16575000
(4,2) 77297.16112500
(4,3) 71637.16575000
(4,4) 32988.58518750

15-*********************************************************
(0,0) 0.00000000
(1,0) 8377.50000000
(1,1) 8377.50000000
(2,0) 9634.12500000
(2,1) 19268.25000000
(2,2) 9634.12500000
(3,0) 9822.61875000
(3,1) 21090.35625000
(3,2) 21090.35625000
(3,3) 9822.61875000
(4,0) 9850.89281250
(4,1) 21391.94625000
(4,2) 23082.10687500
(4,3) 21391.94625000
(4,4) 9850.89281250
(5,0) 9855.13392187
(5,1) 21441.42585937
(5,2) 23426.10796875
(5,3) 23426.10796875
(5,4) 21441.42585937
(5,5) 9855.13392187
(6,0) 9855.77008828
(6,1) 21449.48396719
(6,2) 23485.13007422
(6,3) 23782.83239063
(6,4) 23485.13007422
(6,5) 21449.48396719
(6,6) 9855.77008828
(7,0) 9855.86551324
(7,1) 21450.78810832
(7,2) 23495.19210621
(7,3) 23845.19436973
(7,4) 23845.19436973
(7,5) 23495.19210621
(7,6) 21450.78810832
(7,7) 9855.86551324
(8,0) 9855.87982699
(8,1) 21450.99804323
(8,2) 23496.89703218
(8,3) 23856.05797139
(8,4) 23908.55831092
(8,5) 23856.05797139
(8,6) 23496.89703218
(8,7) 21450.99804323
(8,8) 9855.87982699
(9,0) 9855.88197405
(9,1) 21451.03168053
(9,2) 23497.18426131
(9,3) 23857.94325054
(9,4) 23919.69244235
(9,5) 23919.69244235
(9,6) 23857.94325054
(9,7) 23497.18426131
(9,8) 21451.03168053
(9,9) 9855.88197405
(10,0) 9855.88229611
(10,1) 21451.03704819
(10,2) 23497.23239128
(10,3) 23858.26912678
(10,4) 23921.64535393
(10,5) 23930.90773270
(10,6) 23921.64535393
(10,7) 23858.26912678
(10,8) 23497.23239128
(10,9) 21451.03704819
(10,10) 9855.88229611
(11,0) 9855.88234442
(11,1) 21451.03790164
(11,2) 23497.24041592
(11,3) 23858.32522771
(11,4) 23921.98717211
(11,5) 23932.88296300
(11,6) 23932.88296300
(11,7) 23921.98717211
(11,8) 23858.32522771
(11,9) 23497.24041592
(11,10) 21451.03790164
(11,11) 9855.88234442
(12,0) 9855.88235166
(12,1) 21451.03803691
(12,2) 23497.24174763
(12,3) 23858.33484654
(12,4) 23922.04685997
(12,5) 23933.23052027
(12,6) 23934.86488890
(12,7) 23933.23052027
(12,8) 23922.04685997
(12,9) 23858.33484654
(12,10) 23497.24174763
(12,11) 21451.03803691
(12,12) 9855.88235166
(13,0) 9855.88235275
(13,1) 21451.03805829
(13,2) 23497.24196768
(13,3) 23858.33648913
(13,4) 23922.05725598
(13,5) 23933.29160704
(13,6) 23935.21431137
(13,7) 23935.21431137
(13,8) 23933.29160704
(13,9) 23922.05725598
(13,10) 23858.33648913
(13,11) 23497.24196768
(13,12) 21451.03805829
(13,13) 9855.88235275
(14,0) 9855.88235291
(14,1) 21451.03806166
(14,2) 23497.24200390
(14,3) 23858.33676852
(14,4) 23922.05906177
(14,5) 23933.30232945
(14,6) 23935.27588776
(14,7) 23935.56429341
(14,8) 23935.27588776
(14,9) 23933.30232945
(14,10) 23922.05906177
(14,11) 23858.33676852
(14,12) 23497.24200390
(14,13) 21451.03806166
(14,14) 9855.88235291
(15,0) 9855.88235294
(15,1) 21451.03806219
(15,2) 23497.24200983
(15,3) 23858.33681586
(15,4) 23922.05937454
(15,5) 23933.30420868
(15,6) 23935.28673258
(15,7) 23935.62602718
(15,8) 23935.62602718
(15,9) 23935.28673258
(15,10) 23933.30420868
(15,11) 23922.05937454
(15,12) 23858.33681586
(15,13) 23497.24200983
(15,14) 21451.03806219
(15,15) 9855.88235294
(16,0) 9855.88235294
(16,1) 21451.03806227
(16,2) 23497.24201080
(16,3) 23858.33682385
(16,4) 23922.05942856
(16,5) 23933.30453748
(16,6) 23935.28864119
(16,7) 23935.63691396
(16,8) 23935.68780815
(16,9) 23935.63691396
(16,10) 23935.28864119
(16,11) 23933.30453748
(16,12) 23922.05942856
(16,13) 23858.33682385
(16,14) 23497.24201080
(16,15) 21451.03806227
(16,16) 9855.88235294
(17,0) 9855.88235294
(17,1) 21451.03806228
(17,2) 23497.24201096
(17,3) 23858.33682520
(17,4) 23922.05943786
(17,5) 23933.30459491
(17,6) 23935.28897680
(17,7) 23935.63883327
(17,8) 23935.69870832
(17,9) 23935.69870832
(17,10) 23935.63883327
(17,11) 23935.28897680
(17,12) 23933.30459491
(17,13) 23922.05943786
(17,14) 23858.33682520
(17,15) 23497.24201096
(17,16) 21451.03806228
(17,17) 9855.88235294
(18,0) 9855.88235294
(18,1) 21451.03806228
(18,2) 23497.24201099
(18,3) 23858.33682542
(18,4) 23922.05943946
(18,5) 23933.30460492
(18,6) 23935.28903576
(18,7) 23935.63917151
(18,8) 23935.70063124
(18,9) 23935.70961250
(18,10) 23935.70063124
(18,11) 23935.63917151
(18,12) 23935.28903576
(18,13) 23933.30460492
(18,14) 23922.05943946
(18,15) 23858.33682542
(18,16) 23497.24201099
(18,17) 21451.03806228
(18,18) 9855.88235294
(19,0) 9855.88235294
(19,1) 21451.03806228
(19,2) 23497.24201099
(19,3) 23858.33682546
(19,4) 23922.05943973
(19,5) 23933.30460666
(19,6) 23935.28904610
(19,7) 23935.63923109
(19,8) 23935.70097041
(19,9) 23935.71153656
(19,10) 23935.71153656
(19,11) 23935.70097041
(19,12) 23935.63923109
(19,13) 23935.28904610
(19,14) 23933.30460666
(19,15) 23922.05943973
(19,16) 23858.33682546
(19,17) 23497.24201099
(19,18) 21451.03806228
(19,19) 9855.88235294
(20,0) 9855.88235294
(20,1) 21451.03806228
(20,2) 23497.24201099
(20,3) 23858.33682547
(20,4) 23922.05943978
(20,5) 23933.30460696
(20,6) 23935.28904791
(20,7) 23935.63924158
(20,8) 23935.70103023
(20,9) 23935.71187605
(20,10) 23935.71346097
(20,11) 23935.71187605
(20,12) 23935.70103023
(20,13) 23935.63924158
(20,14) 23935.28904791
(20,15) 23933.30460696
(20,16) 23922.05943978
(20,17) 23858.33682547
(20,18) 23497.24201099
(20,19) 21451.03806228
(20,20) 9855.88235294
(21,0) 9855.88235294
(21,1) 21451.03806228
(21,2) 23497.24201099
(21,3) 23858.33682547
(21,4) 23922.05943979
(21,5) 23933.30460701
(21,6) 23935.28904823
(21,7) 23935.63924342
(21,8) 23935.70104077
(21,9) 23935.71193594
(21,10) 23935.71380055
(21,11) 23935.71380055
(21,12) 23935.71193594
(21,13) 23935.70104077
(21,14) 23935.63924342
(21,15) 23935.28904823
(21,16) 23933.30460701
(21,17) 23922.05943979
(21,18) 23858.33682547
(21,19) 23497.24201099
(21,20) 21451.03806228
(21,21) 9855.88235294

16-*********************************************************
(0,0) 0.00000000
(1,0) 21482.50000000
(1,1) 21482.50000000
(2,0) 24704.87500000
(2,1) 49409.75000000
(2,2) 24704.87500000
(3,0) 25188.23125000
(3,1) 54082.19375000
(3,2) 54082.19375000
(3,3) 25188.23125000
(4,0) 25260.73468750
(4,1) 54855.56375000
(4,2) 59189.65812500
(4,3) 54855.56375000
(4,4) 25260.73468750
(5,0) 25271.61020313
(5,1) 54982.44476562
(5,2) 60071.78328125
(5,3) 60071.78328125
(5,4) 54982.44476562
(5,5) 25271.61020313
(6,0) 25273.24153047
(6,1) 55003.10824531
(6,2) 60223.13420703
(6,3) 60986.53498438
(6,4) 60223.13420703
(6,5) 55003.10824531
(6,6) 25273.24153047
(7,0) 25273.48622957
(7,1) 55006.45246637
(7,2) 60248.93636785
(7,3) 61146.45037871
(7,4) 61146.45037871
(7,5) 60248.93636785
(7,6) 55006.45246637
(7,7) 25273.48622957
(8,0) 25273.52293444
(8,1) 55006.99080439
(8,2) 60253.30832513
(8,3) 61174.30801198
(8,4) 61308.93511361
(8,5) 61174.30801198
(8,6) 60253.30832513
(8,7) 55006.99080439
(8,8) 25273.52293444
(9,0) 25273.52844017
(9,1) 55007.07706082
(9,2) 60254.04486943
(9,3) 61179.14245057
(9,4) 61337.48646884
(9,5) 61337.48646884
(9,6) 61179.14245057
(9,7) 60254.04486943
(9,8) 55007.07706082
(9,9) 25273.52844017
(10,0) 25273.52926602
(10,1) 55007.09082515
(10,2) 60254.16828954
(10,3) 61179.97809800
(10,4) 61342.49433791
(10,5) 61366.24594065
(10,6) 61342.49433791
(10,7) 61179.97809800
(10,8) 60254.16828954
(10,9) 55007.09082515
(10,10) 25273.52926602
(11,0) 25273.52938990
(11,1) 55007.09301368
(11,2) 60254.18886720
(11,3) 61180.12195813
(11,4) 61343.37086539
(11,5) 61371.31104178
(11,6) 61371.31104178
(11,7) 61343.37086539
(11,8) 61180.12195813
(11,9) 60254.18886720
(11,10) 55007.09301368
(11,11) 25273.52938990
(12,0) 25273.52940849
(12,1) 55007.09336054
(12,2) 60254.19228213
(12,3) 61180.14662380
(12,4) 61343.52392353
(12,5) 61372.20228608
(12,6) 61376.39331254
(12,7) 61372.20228608
(12,8) 61343.52392353
(12,9) 61180.14662380
(12,10) 60254.19228213
(12,11) 55007.09336054
(12,12) 25273.52940849
(13,0) 25273.52941127
(13,1) 55007.09341535
(13,2) 60254.19284640
(13,3) 61180.15083589
(13,4) 61343.55058210
(13,5) 61372.35893144
(13,6) 61377.28933979
(13,7) 61377.28933979
(13,8) 61372.35893144
(13,9) 61343.55058210
(13,10) 61180.15083589
(13,11) 60254.19284640
(13,12) 55007.09341535
(13,13) 25273.52941127
(14,0) 25273.52941169
(14,1) 55007.09342399
(14,2) 60254.19293926
(14,3) 61180.15155234
(14,4) 61343.55521270
(14,5) 61372.38642703
(14,6) 61377.44724068
(14,7) 61378.18680194
(14,8) 61377.44724068
(14,9) 61372.38642703
(14,10) 61343.55521270
(14,11) 61180.15155234
(14,12) 60254.19293926
(14,13) 55007.09342399
(14,14) 25273.52941169
(15,0) 25273.52941175
(15,1) 55007.09342535
(15,2) 60254.19295449
(15,3) 61180.15167374
(15,4) 61343.55601476
(15,5) 61372.39124596
(15,6) 61377.47505016
(15,7) 61378.34510639
(15,8) 61378.34510639
(15,9) 61377.47505016
(15,10) 61372.39124596
(15,11) 61343.55601476
(15,12) 61180.15167374
(15,13) 60254.19295449
(15,14) 55007.09342535
(15,15) 25273.52941175
(16,0) 25273.52941176
(16,1) 55007.09342557
(16,2) 60254.19295698
(16,3) 61180.15169423
(16,4) 61343.55615327
(16,5) 61372.39208911
(16,6) 61377.47994442
(16,7) 61378.37302348
(16,8) 61378.50353192
(16,9) 61378.37302348
(16,10) 61377.47994442
(16,11) 61372.39208911
(16,12) 61343.55615327
(16,13) 61180.15169423
(16,14) 60254.19295698
(16,15) 55007.09342557
(16,16) 25273.52941176
(17,0) 25273.52941176
(17,1) 55007.09342560
(17,2) 60254.19295738
(17,3) 61180.15169768
(17,4) 61343.55617713
(17,5) 61372.39223636
(17,6) 61377.48080503
(17,7) 61378.37794519
(17,8) 61378.53148331
(17,9) 61378.53148331
(17,10) 61378.37794519
(17,11) 61377.48080503
(17,12) 61372.39223636
(17,13) 61343.55617713
(17,14) 61180.15169768
(17,15) 60254.19295738
(17,16) 55007.09342560
(17,17) 25273.52941176

17-*********************************************************
(0,0) 0.00000000
(1,0) 31434.50000000
(1,1) 31434.50000000
(2,0) 36149.67500000
(2,1) 72299.35000000
(2,2) 36149.67500000
(3,0) 36856.95125000
(3,1) 79136.35375000
(3,2) 79136.35375000
(3,3) 36856.95125000
(4,0) 36963.04268750
(4,1) 80267.99575000
(4,2) 86609.90612500
(4,3) 80267.99575000
(4,4) 36963.04268750
(5,0) 36978.95640312
(5,1) 80453.65576563
(5,2) 87900.68528125
(5,3) 87900.68528125
(5,4) 80453.65576563
(5,5) 36978.95640312
(6,0) 36981.34346047
(6,1) 80483.89182531
(6,2) 88122.15115703
(6,3) 89239.20558437
(6,4) 88122.15115703
(6,5) 80483.89182531
(6,6) 36981.34346047
(7,0) 36981.70151907
(7,1) 80488.78529287
(7,2) 88159.90644735
(7,3) 89473.20351121
(7,4) 89473.20351121
(7,5) 88159.90644735
(7,6) 80488.78529287
(7,7) 36981.70151907
(8,0) 36981.75522786
(8,1) 80489.57302179
(8,2) 88166.30376103
(8,3) 89513.96649378
(8,4) 89710.96105336
(8,5) 89513.96649378
(8,6) 88166.30376103
(8,7) 80489.57302179
(8,8) 36981.75522786
(9,0) 36981.76328418
(9,1) 80489.69923745
(9,2) 88167.38151742
(9,3) 89521.04053822
(9,4) 89752.73913207
(9,5) 89752.73913207
(9,6) 89521.04053822
(9,7) 88167.38151742
(9,8) 80489.69923745
(9,9) 36981.76328418
(10,0) 36981.76449263
(10,1) 80489.71937824
(10,2) 88167.56211323
(10,3) 89522.26330835
(10,4) 89760.06695054
(10,5) 89794.82173962
(10,6) 89760.06695054
(10,7) 89522.26330835
(10,8) 88167.56211323
(10,9) 80489.71937824
(10,10) 36981.76449263
(11,0) 36981.76467389
(11,1) 80489.72258063
(11,2) 88167.59222372
(11,3) 89522.47381324
(11,4) 89761.34953883
(11,5) 89802.23330352
(11,6) 89802.23330352
(11,7) 89761.34953883
(11,8) 89522.47381324
(11,9) 88167.59222372
(11,10) 80489.72258063
(11,11) 36981.76467389
(12,0) 36981.76470108
(12,1) 80489.72308818
(12,2) 88167.59722065
(12,3) 89522.50990554
(12,4) 89761.57350281
(12,5) 89803.53742635
(12,6) 89809.66999106
(12,7) 89803.53742635
(12,8) 89761.57350281
(12,9) 89522.50990554
(12,10) 88167.59722065
(12,11) 80489.72308818
(12,12) 36981.76470108
(13,0) 36981.76470516
(13,1) 80489.72316839
(13,2) 88167.59804632
(13,3) 89522.51606893
(13,4) 89761.61251125
(13,5) 89803.76663937
(13,6) 89810.98111261
(13,7) 89810.98111261
(13,8) 89803.76663937
(13,9) 89761.61251125
(13,10) 89522.51606893
(13,11) 88167.59804632
(13,12) 80489.72316839
(13,13) 36981.76470516
(14,0) 36981.76470577
(14,1) 80489.72318103
(14,2) 88167.59818221
(14,3) 89522.51711729
(14,4) 89761.61928703
(14,5) 89803.80687259
(14,6) 89811.21216280
(14,7) 89812.29433378
(14,8) 89811.21216280
(14,9) 89803.80687259
(14,10) 89761.61928703
(14,11) 89522.51711729
(14,12) 88167.59818221
(14,13) 80489.72318103
(14,14) 36981.76470577
(15,0) 36981.76470587
(15,1) 80489.72318302
(15,2) 88167.59820449
(15,3) 89522.51729492
(15,4) 89761.62046065
(15,5) 89803.81392394
(15,6) 89811.25285531
(15,7) 89812.52597449
(15,8) 89812.52597449
(15,9) 89811.25285531
(15,10) 89803.81392394
(15,11) 89761.62046065
(15,12) 89522.51729492
(15,13) 88167.59820449
(15,14) 80489.72318302
(15,15) 36981.76470587
(16,0) 36981.76470588
(16,1) 80489.72318333
(16,2) 88167.59820813
(16,3) 89522.51732491
(16,4) 89761.62066334
(16,5) 89803.81515769
(16,6) 89811.26001689
(16,7) 89812.56682447
(16,8) 89812.75779235
(16,9) 89812.56682447
(16,10) 89811.26001689
(16,11) 89803.81515769
(16,12) 89761.62066334
(16,13) 89522.51732491
(16,14) 88167.59820813
(16,15) 80489.72318333
(16,16) 36981.76470588
(17,0) 36981.76470588
(17,1) 80489.72318338
(17,2) 88167.59820872
(17,3) 89522.51732996
(17,4) 89761.62069824
(17,5) 89803.81537315
(17,6) 89811.26127619
(17,7) 89812.57402620
(17,8) 89812.79869252
(17,9) 89812.79869252
(17,10) 89812.57402620
(17,11) 89811.26127619
(17,12) 89803.81537315
(17,13) 89761.62069824
(17,14) 89522.51732996
(17,15) 88167.59820872
(17,16) 80489.72318338
(17,17) 36981.76470588
(18,0) 36981.76470588
(18,1) 80489.72318339
(18,2) 88167.59820882
(18,3) 89522.51733080
(18,4) 89761.62070423
(18,5) 89803.81541071
(18,6) 89811.26149740
(18,7) 89812.57529536
(18,8) 89812.80590781
(18,9) 89812.83960776
(18,10) 89812.80590781
(18,11) 89812.57529536
(18,12) 89811.26149740
(18,13) 89803.81541071
(18,14) 89761.62070423
(18,15) 89522.51733080
(18,16) 88167.59820882
(18,17) 80489.72318339
(18,18) 36981.76470588

18-*********************************************************
(0,0) 0.00000000
(1,0) 49385.50000000
(1,1) 49385.50000000
(2,0) 56793.32500000
(2,1) 113586.65000000
(2,2) 56793.32500000
(3,0) 57904.49875000
(3,1) 124327.99625000
(3,2) 124327.99625000
(3,3) 57904.49875000
(4,0) 58071.17481250
(4,1) 126105.87425000
(4,2) 136069.39887500
(4,3) 126105.87425000
(4,4) 58071.17481250
(5,0) 58096.17622188
(5,1) 126397.55735938
(5,2) 138097.29096875
(5,3) 138097.29096875
(5,4) 126397.55735938
(5,5) 58096.17622188
(6,0) 58099.92643328
(6,1) 126445.06003719
(6,2) 138445.22724922
(6,3) 140200.18729063
(6,4) 138445.22724922
(6,5) 126445.06003719
(6,6) 58099.92643328
(7,0) 58100.48896499
(7,1) 126452.74797057
(7,2) 138504.54309296
(7,3) 140567.81218098
(7,4) 140567.81218098
(7,5) 138504.54309296
(7,6) 126452.74797057
(7,7) 58100.48896499
(8,0) 58100.57334475
(8,1) 126453.98554033
(8,2) 138514.59365953
(8,3) 140631.85329109
(8,4) 140941.34365429
(8,5) 140631.85329109
(8,6) 138514.59365953
(8,7) 126453.98554033
(8,8) 58100.57334475
(9,0) 58100.58600171
(9,1) 126454.18383276
(9,2) 138516.28687998
(9,3) 140642.96704259
(9,4) 141006.97954181
(9,5) 141006.97954181
(9,6) 140642.96704259
(9,7) 138516.28687998
(9,8) 126454.18383276
(9,9) 58100.58600171
(10,0) 58100.58790026
(10,1) 126454.21547517
(10,2) 138516.57060691
(10,3) 140644.88808839
(10,4) 141018.49198766
(10,5) 141073.09386254
(10,6) 141018.49198766
(10,7) 140644.88808839
(10,8) 138516.57060691
(10,9) 126454.21547517
(10,10) 58100.58790026
(11,0) 58100.58818504
(11,1) 126454.22050631
(11,2) 138516.61791231
(11,3) 140645.21880429
(11,4) 141020.50701141
(11,5) 141084.73787753
(11,6) 141084.73787753
(11,7) 141020.50701141
(11,8) 140645.21880429
(11,9) 138516.61791231
(11,10) 126454.22050631
(11,11) 58100.58818504
(12,0) 58100.58822776
(12,1) 126454.22130370
(12,2) 138516.62576279
(12,3) 140645.27550749
(12,4) 141020.85887236
(12,5) 141086.78673334
(12,6) 141096.42136326
(12,7) 141086.78673334
(12,8) 141020.85887236
(12,9) 140645.27550749
(12,10) 138516.62576279
(12,11) 126454.22130370
(12,12) 58100.58822776
(13,0) 58100.58823416
(13,1) 126454.22142972
(13,2) 138516.62705997
(13,3) 140645.28519054
(13,4) 141020.92015698
(13,5) 141087.14684085
(13,6) 141098.48121449
(13,7) 141098.48121449
(13,8) 141087.14684085
(13,9) 141020.92015698
(13,10) 140645.28519054
(13,11) 138516.62705997
(13,12) 126454.22142972
(13,13) 58100.58823416
(14,0) 58100.58823512
(14,1) 126454.22144958
(14,2) 138516.62727345
(14,3) 140645.28683758
(14,4) 141020.93080213
(14,5) 141087.21004967
(14,6) 141098.84420830
(14,7) 141100.54436435
(14,8) 141098.84420830
(14,9) 141087.21004967
(14,10) 141020.93080213
(14,11) 140645.28683758
(14,12) 138516.62727345
(14,13) 126454.22144958
(14,14) 58100.58823512
(15,0) 58100.58823527
(15,1) 126454.22145271
(15,2) 138516.62730846
(15,3) 140645.28711665
(15,4) 141020.93264596
(15,5) 141087.22112777
(15,6) 141098.90813870
(15,7) 141100.90828590
(15,8) 141100.90828590
(15,9) 141098.90813870
(15,10) 141087.22112777
(15,11) 141020.93264596
(15,12) 140645.28711665
(15,13) 138516.62730846
(15,14) 126454.22145271
(15,15) 58100.58823527
(16,0) 58100.58823529
(16,1) 126454.22145320
(16,2) 138516.62731417
(16,3) 140645.28716377
(16,4) 141020.93296439
(16,5) 141087.22306606
(16,6) 141098.91938997
(16,7) 141100.97246369
(16,8) 141101.27248577
(16,9) 141100.97246369
(16,10) 141098.91938997
(16,11) 141087.22306606
(16,12) 141020.93296439
(16,13) 140645.28716377
(16,14) 138516.62731417
(16,15) 126454.22145320
(16,16) 58100.58823529
(17,0) 58100.58823529
(17,1) 126454.22145327
(17,2) 138516.62731511
(17,3) 140645.28717169
(17,4) 141020.93301922
(17,5) 141087.22340457
(17,6) 141098.92136840
(17,7) 141100.98377805
(17,8) 141101.33674242
(17,9) 141101.33674242
(17,10) 141100.98377805
(17,11) 141098.92136840
(17,12) 141087.22340457
(17,13) 141020.93301922
(17,14) 140645.28717169
(17,15) 138516.62731511
(17,16) 126454.22145327
(17,17) 58100.58823529
(18,0) 58100.58823529
(18,1) 126454.22145328
(18,2) 138516.62731526
(18,3) 140645.28717302
(18,4) 141020.93302864
(18,5) 141087.22346357
(18,6) 141098.92171595
(18,7) 141100.98577197
(18,8) 141101.34807807
(18,9) 141101.40102273
(18,10) 141101.34807807
(18,11) 141100.98577197
(18,12) 141098.92171595
(18,13) 141087.22346357
(18,14) 141020.93302864
(18,15) 140645.28717302
(18,16) 138516.62731526
(18,17) 126454.22145328
(18,18) 58100.58823529
(19,0) 58100.58823529
(19,1) 126454.22145329
(19,2) 138516.62731528
(19,3) 140645.28717324
(19,4) 141020.93303025
(19,5) 141087.22347383
(19,6) 141098.92177693
(19,7) 141100.98612319
(19,8) 141101.35007751
(19,9) 141101.41236512
(19,10) 141101.41236512
(19,11) 141101.35007751
(19,12) 141100.98612319
(19,13) 141098.92177693
(19,14) 141087.22347383
(19,15) 141020.93303025
(19,16) 140645.28717324
(19,17) 138516.62731528
(19,18) 126454.22145329
(19,19) 58100.58823529
(20,0) 58100.58823529
(20,1) 126454.22145329
(20,2) 138516.62731529
(20,3) 140645.28717328
(20,4) 141020.93303052
(20,5) 141087.22347561
(20,6) 141098.92178761
(20,7) 141100.98618502
(20,8) 141101.35043010
(20,9) 141101.41436639
(20,10) 141101.42370954
(20,11) 141101.41436639
(20,12) 141101.35043010
(20,13) 141100.98618502
(20,14) 141098.92178761
(20,15) 141087.22347561
(20,16) 141020.93303052
(20,17) 140645.28717328
(20,18) 138516.62731529
(20,19) 126454.22145329
(20,20) 58100.58823529

19-*********************************************************
(0,0) 0.00000000
(1,0) 30670.00000000
(1,1) 30670.00000000
(2,0) 35270.50000000
(2,1) 70541.00000000
(2,2) 35270.50000000
(3,0) 35960.57500000
(3,1) 77211.72500000
(3,2) 77211.72500000
(3,3) 35960.57500000
(4,0) 36064.08625000
(4,1) 78315.84500000
(4,2) 84503.51750000
(4,3) 78315.84500000
(4,4) 36064.08625000
(5,0) 36079.61293750
(5,1) 78496.98968750
(5,2) 85762.90437500
(5,3) 85762.90437500
(5,4) 78496.98968750
(5,5) 36079.61293750
(6,0) 36081.94194063
(6,1) 78526.49039375
(6,2) 85978.98410938
(6,3) 87068.87131250
(6,4) 85978.98410938
(6,5) 78526.49039375
(6,6) 36081.94194063
(7,0) 36082.29129109
(7,1) 78531.26485016
(7,2) 86015.82117547
(7,3) 87297.17831328
(7,4) 87297.17831328
(7,5) 86015.82117547
(7,6) 78531.26485016
(7,7) 36082.29129109
(8,0) 36082.34369366
(8,1) 78532.03342119
(8,2) 86022.06290384
(8,3) 87336.94992331
(8,4) 87529.15349398
(8,5) 87336.94992331
(8,6) 86022.06290384
(8,7) 78532.03342119
(8,8) 36082.34369366
(9,0) 36082.35155405
(9,1) 78532.15656723
(9,2) 86023.11444875
(9,3) 87343.85192407
(9,4) 87569.91551259
(9,5) 87569.91551259
(9,6) 87343.85192407
(9,7) 86023.11444875
(9,8) 78532.15656723
(9,9) 36082.35155405
(10,0) 36082.35273311
(10,1) 78532.17621819
(10,2) 86023.29065240
(10,3) 87345.04495592
(10,4) 87577.06511550
(10,5) 87610.97465378
(10,6) 87577.06511550
(10,7) 87345.04495592
(10,8) 86023.29065240
(10,9) 78532.17621819
(10,10) 36082.35273311
(11,0) 36082.35290997
(11,1) 78532.17934269
(11,2) 86023.32003059
(11,3) 87345.25034125
(11,4) 87578.31651071
(11,5) 87618.20596539
(11,6) 87618.20596539
(11,7) 87578.31651071
(11,8) 87345.25034125
(11,9) 86023.32003059
(11,10) 78532.17934269
(11,11) 36082.35290997
(12,0) 36082.35293649
(12,1) 78532.17983790
(12,2) 86023.32490599
(12,3) 87345.28555578
(12,4) 87578.53502779
(12,5) 87619.47837142
(12,6) 87625.46178962
(12,7) 87619.47837142
(12,8) 87578.53502779
(12,9) 87345.28555578
(12,10) 86023.32490599
(12,11) 78532.17983790
(12,12) 36082.35293649
(13,0) 36082.35294047
(13,1) 78532.17991616
(13,2) 86023.32571158
(13,3) 87345.29156927
(13,4) 87578.57308754
(13,5) 87619.70200988
(13,6) 87626.74102415
(13,7) 87626.74102415
(13,8) 87619.70200988
(13,9) 87578.57308754
(13,10) 87345.29156927
(13,11) 86023.32571158
(13,12) 78532.17991616
(13,13) 36082.35294047
(14,0) 36082.35294107
(14,1) 78532.17992849
(14,2) 86023.32584416
(14,3) 87345.29259213
(14,4) 87578.57969852
(14,5) 87619.74126461
(14,6) 87626.96645511
(14,7) 87628.02230725
(14,8) 87626.96645511
(14,9) 87619.74126461
(14,10) 87578.57969852
(14,11) 87345.29259213
(14,12) 86023.32584416
(14,13) 78532.17992849
(14,14) 36082.35294107
(15,0) 36082.35294116
(15,1) 78532.17993043
(15,2) 86023.32586590
(15,3) 87345.29276544
(15,4) 87578.58084360
(15,5) 87619.74814447
(15,6) 87627.00615796
(15,7) 87628.24831435
(15,8) 87628.24831435
(15,9) 87627.00615796
(15,10) 87619.74814447
(15,11) 87578.58084360
(15,12) 87345.29276544
(15,13) 86023.32586590
(15,14) 78532.17993043
(15,15) 36082.35294116
(16,0) 36082.35294117
(16,1) 78532.17993074
(16,2) 86023.32586945
(16,3) 87345.29279470
(16,4) 87578.58104136
(16,5) 87619.74934821
(16,6) 87627.01314536
(16,7) 87628.28817085
(16,8) 87628.47449431
(16,9) 87628.28817085
(16,10) 87627.01314536
(16,11) 87619.74934821
(16,12) 87578.58104136
(16,13) 87345.29279470
(16,14) 86023.32586945
(16,15) 78532.17993074
(16,16) 36082.35294117
(17,0) 36082.35294118
(17,1) 78532.17993079
(17,2) 86023.32587003
(17,3) 87345.29279962
(17,4) 87578.58107541
(17,5) 87619.74955843
(17,6) 87627.01437404
(17,7) 87628.29519743
(17,8) 87628.51439977
(17,9) 87628.51439977
(17,10) 87628.29519743
(17,11) 87627.01437404
(17,12) 87619.74955843
(17,13) 87578.58107541
(17,14) 87345.29279962
(17,15) 86023.32587003
(17,16) 78532.17993079
(17,17) 36082.35294118
(18,0) 36082.35294118
(18,1) 78532.17993079
(18,2) 86023.32587012
(18,3) 87345.29280045
(18,4) 87578.58108125
(18,5) 87619.74959508
(18,6) 87627.01458987
(18,7) 87628.29643572
(18,8) 87628.52143958
(18,9) 87628.55431993
(18,10) 87628.52143958
(18,11) 87628.29643572
(18,12) 87627.01458987
(18,13) 87619.74959508
(18,14) 87578.58108125
(18,15) 87345.29280045
(18,16) 86023.32587012
(18,17) 78532.17993079
(18,18) 36082.35294118
(19,0) 36082.35294118
(19,1) 78532.17993080
(19,2) 86023.32587014
(19,3) 87345.29280059
(19,4) 87578.58108226
(19,5) 87619.74960145
(19,6) 87627.01462774
(19,7) 87628.29665384
(19,8) 87628.52268130
(19,9) 87628.56136393
(19,10) 87628.56136393
(19,11) 87628.52268130
(19,12) 87628.29665384
(19,13) 87627.01462774
(19,14) 87619.74960145
(19,15) 87578.58108226
(19,16) 87345.29280059
(19,17) 86023.32587014
(19,18) 78532.17993080
(19,19) 36082.35294118
(20,0) 36082.35294118
(20,1) 78532.17993080
(20,2) 86023.32587014
(20,3) 87345.29280061
(20,4) 87578.58108243
(20,5) 87619.74960256
(20,6) 87627.01463438
(20,7) 87628.29669224
(20,8) 87628.52290027
(20,9) 87628.56260678
(20,10) 87628.56840918
(20,11) 87628.56260678
(20,12) 87628.52290027
(20,13) 87628.29669224
(20,14) 87627.01463438
(20,15) 87619.74960256
(20,16) 87578.58108243
(20,17) 87345.29280061
(20,18) 86023.32587014
(20,19) 78532.17993080
(20,20) 36082.35294118
(21,0) 36082.35294118
(21,1) 78532.17993080
(21,2) 86023.32587014
(21,3) 87345.29280061
(21,4) 87578.58108246
(21,5) 87619.74960275
(21,6) 87627.01463554
(21,7) 87628.29669899
(21,8) 87628.52293888
(21,9) 87628.56282606
(21,10) 87628.56965239
(21,11) 87628.56965239
(21,12) 87628.56282606
(21,13) 87628.52293888
(21,14) 87628.29669899
(21,15) 87627.01463554
(21,16) 87619.74960275
(21,17) 87578.58108246
(21,18) 87345.29280061
(21,19) 86023.32587014
(21,20) 78532.17993080
(21,21) 36082.35294118
(22,0) 36082.35294118
(22,1) 78532.17993080
(22,2) 86023.32587014
(22,3) 87345.29280061
(22,4) 87578.58108246
(22,5) 87619.74960278
(22,6) 87627.01463574
(22,7) 87628.29670018
(22,8) 87628.52294568
(22,9) 87628.56286474
(22,10) 87628.56987177
(22,11) 87628.57089572
(22,12) 87628.56987177
(22,13) 87628.56286474
(22,14) 87628.52294568
(22,15) 87628.29670018
(22,16) 87627.01463574
(22,17) 87619.74960278
(22,18) 87578.58108246
(22,19) 87345.29280061
(22,20) 86023.32587014
(22,21) 78532.17993080
(22,22) 36082.35294118
(23,0) 36082.35294118
(23,1) 78532.17993080
(23,2) 86023.32587014
(23,3) 87345.29280061
(23,4) 87578.58108246
(23,5) 87619.74960279
(23,6) 87627.01463578
(23,7) 87628.29670039
(23,8) 87628.52294688
(23,9) 87628.56287156
(23,10) 87628.56991048
(23,11) 87628.57111512
(23,12) 87628.57111512
(23,13) 87628.56991048
(23,14) 87628.56287156
(23,15) 87628.52294688
(23,16) 87628.29670039
(23,17) 87627.01463578
(23,18) 87619.74960279
(23,19) 87578.58108246
(23,20) 87345.29280061
(23,21) 86023.32587014
(23,22) 78532.17993080
(23,23) 36082.35294118
(24,0) 36082.35294118
(24,1) 78532.17993080
(24,2) 86023.32587014
(24,3) 87345.29280061
(24,4) 87578.58108246
(24,5) 87619.74960279
(24,6) 87627.01463578
(24,7) 87628.29670043
(24,8) 87628.52294709
(24,9) 87628.56287277
(24,10) 87628.56991731
(24,11) 87628.57115384
(24,12) 87628.57133454
(24,13) 87628.57115384
(24,14) 87628.56991731
(24,15) 87628.56287277
(24,16) 87628.52294709
(24,17) 87628.29670043
(24,18) 87627.01463578
(24,19) 87619.74960279
(24,20) 87578.58108246
(24,21) 87345.29280061
(24,22) 86023.32587014
(24,23) 78532.17993080
(24,24) 36082.35294118

20-*********************************************************
(0,0) 0.00000000
(1,0) 8546.00000000
(1,1) 8546.00000000
(2,0) 9827.90000000
(2,1) 19655.80000000
(2,2) 9827.90000000
(3,0) 10020.18500000
(3,1) 21514.55500000
(3,2) 21514.55500000
(3,3) 10020.18500000
(4,0) 10049.02775000
(4,1) 21822.21100000
(4,2) 23546.36650000
(4,3) 21822.21100000
(4,4) 10049.02775000
(5,0) 10053.35416250
(5,1) 21872.68581250
(5,2) 23897.28662500
(5,3) 23897.28662500
(5,4) 21872.68581250
(5,5) 10053.35416250
(6,0) 10054.00312437
(6,1) 21880.90599625
(6,2) 23957.49586563
(6,3) 24261.18598750
(6,4) 23957.49586563
(6,5) 21880.90599625
(6,6) 10054.00312437
(7,0) 10054.10046866
(7,1) 21882.23636809
(7,2) 23967.76027928
(7,3) 24324.80227797
(7,4) 24324.80227797
(7,5) 23967.76027928
(7,6) 21882.23636809
(7,7) 10054.10046866
(8,0) 10054.11507030
(8,1) 21882.45052551
(8,2) 23969.49949711
(8,3) 24335.88438359
(8,4) 24389.44068339
(8,5) 24335.88438359
(8,6) 23969.49949711
(8,7) 21882.45052551
(8,8) 10054.11507030
(9,0) 10054.11726054
(9,1) 21882.48483937
(9,2) 23969.79250339
(9,3) 24337.80758210
(9,4) 24400.79876005
(9,5) 24400.79876005
(9,6) 24337.80758210
(9,7) 23969.79250339
(9,8) 21882.48483937
(9,9) 10054.11726054
(10,0) 10054.11758908
(10,1) 21882.49031499
(10,2) 23969.84160141
(10,3) 24338.14001282
(10,4) 24402.79095132
(10,5) 24412.23962801
(10,6) 24402.79095132
(10,7) 24338.14001282
(10,8) 23969.84160141
(10,9) 21882.49031499
(10,10) 10054.11758908
(11,0) 10054.11763836
(11,1) 21882.49118561
(11,2) 23969.84978746
(11,3) 24338.19724214
(11,4) 24403.13964462
(11,5) 24414.25458690
(11,6) 24414.25458690
(11,7) 24403.13964462
(11,8) 24338.19724214
(11,9) 23969.84978746
(11,10) 21882.49118561
(11,11) 10054.11763836
(12,0) 10054.11764575
(12,1) 21882.49132360
(12,2) 23969.85114596
(12,3) 24338.20705444
(12,4) 24403.20053301
(12,5) 24414.60913473
(12,6) 24416.27637607
(12,7) 24414.60913473
(12,8) 24403.20053301
(12,9) 24338.20705444
(12,10) 23969.85114596
(12,11) 21882.49132360
(12,12) 10054.11764575
(13,0) 10054.11764686
(13,1) 21882.49134540
(13,2) 23969.85137043
(13,3) 24338.20873006
(13,4) 24403.21113812
(13,5) 24414.67145016
(13,6) 24416.63282662
(13,7) 24416.63282662
(13,8) 24414.67145016
(13,9) 24403.21113812
(13,10) 24338.20873006
(13,11) 23969.85137043
(13,12) 21882.49134540
(13,13) 10054.11764686
(14,0) 10054.11764703
(14,1) 21882.49134884
(14,2) 23969.85140738
(14,3) 24338.20901507
(14,4) 24403.21298023
(14,5) 24414.68238824
(14,6) 24416.69564152
(14,7) 24416.98984799
(14,8) 24416.69564152
(14,9) 24414.68238824
(14,10) 24403.21298023
(14,11) 24338.20901507
(14,12) 23969.85140738
(14,13) 21882.49134884
(14,14) 10054.11764703
(15,0) 10054.11764705
(15,1) 21882.49134938
(15,2) 23969.85141343
(15,3) 24338.20906337
(15,4) 24403.21329930
(15,5) 24414.68430527
(15,6) 24416.70670446
(15,7) 24417.05282343
(15,8) 24417.05282343
(15,9) 24416.70670446
(15,10) 24414.68430527
(15,11) 24403.21329930
(15,12) 24338.20906337
(15,13) 23969.85141343
(15,14) 21882.49134938
(15,15) 10054.11764705
(16,0) 10054.11764706
(16,1) 21882.49134947
(16,2) 23969.85141442
(16,3) 24338.20907152
(16,4) 24403.21335440
(16,5) 24414.68464068
(16,6) 24416.70865146
(16,7) 24417.06392918
(16,8) 24417.11584703
(16,9) 24417.06392918
(16,10) 24416.70865146
(16,11) 24414.68464068
(16,12) 24403.21335440
(16,13) 24338.20907152
(16,14) 23969.85141442
(16,15) 21882.49134947
(16,16) 10054.11764706
(17,0) 10054.11764706
(17,1) 21882.49134948
(17,2) 23969.85141458
(17,3) 24338.20907289
(17,4) 24403.21336389
(17,5) 24414.68469926
(17,6) 24416.70899382
(17,7) 24417.06588710
(17,8) 24417.12696643
(17,9) 24417.12696643
(17,10) 24417.06588710
(17,11) 24416.70899382
(17,12) 24414.68469926
(17,13) 24403.21336389
(17,14) 24338.20907289
(17,15) 23969.85141458
(17,16) 21882.49134948
(17,17) 10054.11764706
(18,0) 10054.11764706
(18,1) 21882.49134948
(18,2) 23969.85141461
(18,3) 24338.20907312
(18,4) 24403.21336552
(18,5) 24414.68470947
(18,6) 24416.70905396
(18,7) 24417.06623214
(18,8) 24417.12892803
(18,9) 24417.13808993
(18,10) 24417.12892803
(18,11) 24417.06623214
(18,12) 24416.70905396
(18,13) 24414.68470947
(18,14) 24403.21336552
(18,15) 24338.20907312
(18,16) 23969.85141461
(18,17) 21882.49134948
(18,18) 10054.11764706
(19,0) 10054.11764706
(19,1) 21882.49134948
(19,2) 23969.85141461
(19,3) 24338.20907316
(19,4) 24403.21336580
(19,5) 24414.68471125
(19,6) 24416.70906452
(19,7) 24417.06629292
(19,8) 24417.12927403
(19,9) 24417.14005269
(19,10) 24417.14005269
(19,11) 24417.12927403
(19,12) 24417.06629292
(19,13) 24416.70906452
(19,14) 24414.68471125
(19,15) 24403.21336580
(19,16) 24338.20907316
(19,17) 23969.85141461
(19,18) 21882.49134948
(19,19) 10054.11764706
(20,0) 10054.11764706
(20,1) 21882.49134948
(20,2) 23969.85141461
(20,3) 24338.20907317
(20,4) 24403.21336584
(20,5) 24414.68471156
(20,6) 24416.70906636
(20,7) 24417.06630361
(20,8) 24417.12933504
(20,9) 24417.14039901
(20,10) 24417.14201581
(20,11) 24417.14039901
(20,12) 24417.12933504
(20,13) 24417.06630361
(20,14) 24416.70906636
(20,15) 24414.68471156
(20,16) 24403.21336584
(20,17) 24338.20907317
(20,18) 23969.85141461
(20,19) 21882.49134948
(20,20) 10054.11764706
(21,0) 10054.11764706
(21,1) 21882.49134948
(21,2) 23969.85141461
(21,3) 24338.20907317
(21,4) 24403.21336585
(21,5) 24414.68471161
(21,6) 24416.70906669
(21,7) 24417.06630550
(21,8) 24417.12934580
(21,9) 24417.14046011
(21,10) 24417.14236222
(21,11) 24417.14236222
(21,12) 24417.14046011
(21,13) 24417.12934580
(21,14) 24417.06630550
(21,15) 24416.70906669
(21,16) 24414.68471161
(21,17) 24403.21336585
(21,18) 24338.20907317
(21,19) 23969.85141461
(21,20) 21882.49134948
(21,21) 10054.11764706

21-*********************************************************
(0,0) 0.00000000
(1,0) 35298.50000000
(1,1) 35298.50000000
(2,0) 40593.27500000
(2,1) 81186.55000000
(2,2) 40593.27500000
(3,0) 41387.49125000
(3,1) 88863.97375000
(3,2) 88863.97375000
(3,3) 41387.49125000
(4,0) 41506.62368750
(4,1) 90134.71975000
(4,2) 97256.19212500
(4,3) 90134.71975000
(4,4) 41506.62368750
(5,0) 41524.49355313
(5,1) 90343.20151562
(5,2) 98705.63678125
(5,3) 98705.63678125
(5,4) 90343.20151562
(5,5) 41524.49355313
(6,0) 41527.17403297
(6,1) 90377.15426031
(6,2) 98954.32574453
(6,3) 100208.69103438
(6,4) 98954.32574453
(6,5) 90377.15426031
(6,6) 41527.17403297
(7,0) 41527.57610495
(7,1) 90382.64924399
(7,2) 98996.72200073
(7,3) 100471.45251684
(7,4) 100471.45251684
(7,5) 98996.72200073
(7,6) 90382.64924399
(7,7) 41527.57610495
(8,0) 41527.63641574
(8,1) 90383.53380234
(8,2) 99003.90568671
(8,3) 100517.22617763
(8,4) 100738.43575505
(8,5) 100517.22617763
(8,6) 99003.90568671
(8,7) 90383.53380234
(8,8) 41527.63641574
(9,0) 41527.64546236
(9,1) 90383.67553271
(9,2) 99005.11592336
(9,3) 100525.16977965
(9,4) 100785.34928990
(9,5) 100785.34928990
(9,6) 100525.16977965
(9,7) 99005.11592336
(9,8) 90383.67553271
(9,9) 41527.64546236
(10,0) 41527.64681935
(10,1) 90383.69814926
(10,2) 99005.31871841
(10,3) 100526.54285545
(10,4) 100793.57786043
(10,5) 100832.60478697
(10,6) 100793.57786043
(10,7) 100526.54285545
(10,8) 99005.31871841
(10,9) 90383.69814926
(10,10) 41527.64681935
(11,0) 41527.64702290
(11,1) 90383.70174529
(11,2) 99005.35253015
(11,3) 100526.77923608
(11,4) 100795.01810738
(11,5) 100840.92739711
(11,6) 100840.92739711
(11,7) 100795.01810738
(11,8) 100526.77923608
(11,9) 99005.35253015
(11,10) 90383.70174529
(11,11) 41527.64702290
(12,0) 41527.64705344
(12,1) 90383.70231523
(12,2) 99005.35814132
(12,3) 100526.81976493
(12,4) 100795.26960152
(12,5) 100842.39182567
(12,6) 100849.27821913
(12,7) 100842.39182567
(12,8) 100795.26960152
(12,9) 100526.81976493
(12,10) 99005.35814132
(12,11) 90383.70231523
(12,12) 41527.64705344
(13,0) 41527.64705802
(13,1) 90383.70240530
(13,2) 99005.35906848
(13,3) 100526.82668594
(13,4) 100795.31340497
(13,5) 100842.64921408
(13,6) 100850.75050672
(13,7) 100850.75050672
(13,8) 100842.64921408
(13,9) 100795.31340497
(13,10) 100526.82668594
(13,11) 99005.35906848
(13,12) 90383.70240530
(13,13) 41527.64705802

22-*********************************************************
(0,0) 0.00000000
(1,0) 17253.00000000
(1,1) 17253.00000000
(2,0) 19840.95000000
(2,1) 39681.90000000
(2,2) 19840.95000000
(3,0) 20229.14250000
(3,1) 43434.42750000
(3,2) 43434.42750000
(3,3) 20229.14250000
(4,0) 20287.37137500
(4,1) 44055.53550000
(4,2) 47536.32825000
(4,3) 44055.53550000
(4,4) 20287.37137500
(5,0) 20296.10570625
(5,1) 44157.43603125
(5,2) 48244.77956250
(5,3) 48244.77956250
(5,4) 44157.43603125
(5,5) 20296.10570625
(6,0) 20297.41585594
(6,1) 44174.03126062
(6,2) 48366.33233906
(6,3) 48979.43386875
(6,4) 48366.33233906
(6,5) 44174.03126062
(6,6) 20297.41585594

23-*********************************************************
(0,0) 0.00000000
(1,0) 12469.00000000
(1,1) 12469.00000000
(2,0) 14339.35000000
(2,1) 28678.70000000
(2,2) 14339.35000000

24-*********************************************************
(0,0) 0.00000000
(1,0) 464.00000000
(1,1) 464.00000000
(2,0) 533.60000000
(2,1) 1067.20000000
(2,2) 533.60000000
(3,0) 544.04000000
(3,1) 1168.12000000
(3,2) 1168.12000000
(3,3) 544.04000000
(4,0) 545.60600000
(4,1) 1184.82400000
(4,2) 1278.43600000
(4,3) 1184.82400000
(4,4) 545.60600000
(5,0) 545.84090000
(5,1) 1187.56450000
(5,2) 1297.48900000
(5,3) 1297.48900000
(5,4) 1187.56450000
(5,5) 545.84090000
(6,0) 545.87613500
(6,1) 1188.01081000
(6,2) 1300.75802500
(6,3) 1317.24670000
(6,4) 1300.75802500
(6,5) 1188.01081000
(6,6) 545.87613500
(7,0) 545.88142025
(7,1) 1188.08304175
(7,2) 1301.31532525
(7,3) 1320.70070875
(7,4) 1320.70070875
(7,5) 1301.31532525
(7,6) 1188.08304175
(7,7) 545.88142025
(8,0) 545.88221304
(8,1) 1188.09466930
(8,2) 1301.40975505
(8,3) 1321.30240510
(8,4) 1324.21021263
(8,5) 1321.30240510
(8,6) 1301.40975505
(8,7) 1188.09466930
(8,8) 545.88221304
(9,0) 545.88233196
(9,1) 1188.09653235
(9,2) 1301.42566365
(9,3) 1321.40682402
(9,4) 1324.82689266
(9,5) 1324.82689266
(9,6) 1321.40682402
(9,7) 1301.42566365
(9,8) 1188.09653235
(9,9) 545.88233196
(10,0) 545.88234979
(10,1) 1188.09682965
(10,2) 1301.42832940
(10,3) 1321.42487315
(10,4) 1324.93505750
(10,5) 1325.44806780
(10,6) 1324.93505750
(10,7) 1321.42487315
(10,8) 1301.42832940
(10,9) 1188.09682965
(10,10) 545.88234979
(11,0) 545.88235247
(11,1) 1188.09687692
(11,2) 1301.42877386
(11,3) 1321.42798038
(11,4) 1324.95398960
(11,5) 1325.55746879
(11,6) 1325.55746879
(11,7) 1324.95398960
(11,8) 1321.42798038
(11,9) 1301.42877386
(11,10) 1188.09687692
(11,11) 545.88235247
(12,0) 545.88235287
(12,1) 1188.09688441
(12,2) 1301.42884762
(12,3) 1321.42851314
(12,4) 1324.95729550
(12,5) 1325.57671876
(12,6) 1325.66724064
(12,7) 1325.57671876
(12,8) 1324.95729550
(12,9) 1321.42851314
(12,10) 1301.42884762
(12,11) 1188.09688441
(12,12) 545.88235287
(13,0) 545.88235293
(13,1) 1188.09688559
(13,2) 1301.42885980
(13,3) 1321.42860411
(13,4) 1324.95787129
(13,5) 1325.58010214
(13,6) 1325.68659391
(13,7) 1325.68659391
(13,8) 1325.58010214
(13,9) 1324.95787129
(13,10) 1321.42860411
(13,11) 1301.42885980
(13,12) 1188.09688559
(13,13) 545.88235293
(14,0) 545.88235294
(14,1) 1188.09688578
(14,2) 1301.42886181
(14,3) 1321.42861959
(14,4) 1324.95797131
(14,5) 1325.58069602
(14,6) 1325.69000441
(14,7) 1325.70597817
(14,8) 1325.69000441
(14,9) 1325.58069602
(14,10) 1324.95797131
(14,11) 1321.42861959
(14,12) 1301.42886181
(14,13) 1188.09688578
(14,14) 545.88235294
(15,0) 545.88235294
(15,1) 1188.09688581
(15,2) 1301.42886214
(15,3) 1321.42862221
(15,4) 1324.95798863
(15,5) 1325.58080010
(15,6) 1325.69060506
(15,7) 1325.70939739
(15,8) 1325.70939739
(15,9) 1325.69060506
(15,10) 1325.58080010
(15,11) 1324.95798863
(15,12) 1321.42862221
(15,13) 1301.42886214
(15,14) 1188.09688581
(15,15) 545.88235294
(16,0) 545.88235294
(16,1) 1188.09688581
(16,2) 1301.42886219
(16,3) 1321.42862265
(16,4) 1324.95799163
(16,5) 1325.58081831
(16,6) 1325.69071077
(16,7) 1325.71000037
(16,8) 1325.71281922
(16,9) 1325.71000037
(16,10) 1325.69071077
(16,11) 1325.58081831
(16,12) 1324.95799163
(16,13) 1321.42862265
(16,14) 1301.42886219
(16,15) 1188.09688581
(16,16) 545.88235294
(17,0) 545.88235294
(17,1) 1188.09688581
(17,2) 1301.42886220
(17,3) 1321.42862273
(17,4) 1324.95799214
(17,5) 1325.58082149
(17,6) 1325.69072936
(17,7) 1325.71010667
(17,8) 1325.71342294
(17,9) 1325.71342294
(17,10) 1325.71010667
(17,11) 1325.69072936
(17,12) 1325.58082149
(17,13) 1324.95799214
(17,14) 1321.42862273
(17,15) 1301.42886220
(17,16) 1188.09688581
(17,17) 545.88235294
(18,0) 545.88235294
(18,1) 1188.09688581
(18,2) 1301.42886220
(18,3) 1321.42862274
(18,4) 1324.95799223
(18,5) 1325.58082204
(18,6) 1325.69073263
(18,7) 1325.71012541
(18,8) 1325.71352944
(18,9) 1325.71402688
(18,10) 1325.71352944
(18,11) 1325.71012541
(18,12) 1325.69073263
(18,13) 1325.58082204
(18,14) 1324.95799223
(18,15) 1321.42862274
(18,16) 1301.42886220
(18,17) 1188.09688581
(18,18) 545.88235294
(19,0) 545.88235294
(19,1) 1188.09688581
(19,2) 1301.42886220
(19,3) 1321.42862274
(19,4) 1324.95799225
(19,5) 1325.58082214
(19,6) 1325.69073320
(19,7) 1325.71012870
(19,8) 1325.71354823
(19,9) 1325.71413345
(19,10) 1325.71413345
(19,11) 1325.71354823
(19,12) 1325.71012870
(19,13) 1325.69073320
(19,14) 1325.58082214
(19,15) 1324.95799225
(19,16) 1321.42862274
(19,17) 1301.42886220
(19,18) 1188.09688581
(19,19) 545.88235294
(20,0) 545.88235294
(20,1) 1188.09688581
(20,2) 1301.42886220
(20,3) 1321.42862274
(20,4) 1324.95799225
(20,5) 1325.58082216
(20,6) 1325.69073330
(20,7) 1325.71012929
(20,8) 1325.71355154
(20,9) 1325.71415225
(20,10) 1325.71424003
(20,11) 1325.71415225
(20,12) 1325.71355154
(20,13) 1325.71012929
(20,14) 1325.69073330
(20,15) 1325.58082216
(20,16) 1324.95799225
(20,17) 1321.42862274
(20,18) 1301.42886220
(20,19) 1188.09688581
(20,20) 545.88235294
  
