(0,0) 0.00000000
(1,0) 464.00000000
(1,1) 464.00000000
(2,0) 533.60000000
(2,1) 1067.20000000
(2,2) 533.60000000
(3,0) 544.04000000
(3,1) 1168.12000000
(3,2) 1168.12000000
(3,3) 544.04000000
(4,0) 545.60600000
(4,1) 1184.82400000
(4,2) 1278.43600000
(4,3) 1184.82400000
(4,4) 545.60600000
(5,0) 545.84090000
(5,1) 1187.56450000
(5,2) 1297.48900000
(5,3) 1297.48900000
(5,4) 1187.56450000
(5,5) 545.84090000
(6,0) 545.87613500
(6,1) 1188.01081000
(6,2) 1300.75802500
(6,3) 1317.24670000
(6,4) 1300.75802500
(6,5) 1188.01081000
(6,6) 545.87613500
(7,0) 545.88142025
(7,1) 1188.08304175
(7,2) 1301.31532525
(7,3) 1320.70070875
(7,4) 1320.70070875
(7,5) 1301.31532525
(7,6) 1188.08304175
(7,7) 545.88142025
(8,0) 545.88221304
(8,1) 1188.09466930
(8,2) 1301.40975505
(8,3) 1321.30240510
(8,4) 1324.21021263
(8,5) 1321.30240510
(8,6) 1301.40975505
(8,7) 1188.09466930
(8,8) 545.88221304
(9,0) 545.88233196
(9,1) 1188.09653235
(9,2) 1301.42566365
(9,3) 1321.40682402
(9,4) 1324.82689266
(9,5) 1324.82689266
(9,6) 1321.40682402
(9,7) 1301.42566365
(9,8) 1188.09653235
(9,9) 545.88233196
(10,0) 545.88234979
(10,1) 1188.09682965
(10,2) 1301.42832940
(10,3) 1321.42487315
(10,4) 1324.93505750
(10,5) 1325.44806780
(10,6) 1324.93505750
(10,7) 1321.42487315
(10,8) 1301.42832940
(10,9) 1188.09682965
(10,10) 545.88234979
(11,0) 545.88235247
(11,1) 1188.09687692
(11,2) 1301.42877386
(11,3) 1321.42798038
(11,4) 1324.95398960
(11,5) 1325.55746879
(11,6) 1325.55746879
(11,7) 1324.95398960
(11,8) 1321.42798038
(11,9) 1301.42877386
(11,10) 1188.09687692
(11,11) 545.88235247
(12,0) 545.88235287
(12,1) 1188.09688441
(12,2) 1301.42884762
(12,3) 1321.42851314
(12,4) 1324.95729550
(12,5) 1325.57671876
(12,6) 1325.66724064
(12,7) 1325.57671876
(12,8) 1324.95729550
(12,9) 1321.42851314
(12,10) 1301.42884762
(12,11) 1188.09688441
(12,12) 545.88235287
(13,0) 545.88235293
(13,1) 1188.09688559
(13,2) 1301.42885980
(13,3) 1321.42860411
(13,4) 1324.95787129
(13,5) 1325.58010214
(13,6) 1325.68659391
(13,7) 1325.68659391
(13,8) 1325.58010214
(13,9) 1324.95787129
(13,10) 1321.42860411
(13,11) 1301.42885980
(13,12) 1188.09688559
(13,13) 545.88235293
(14,0) 545.88235294
(14,1) 1188.09688578
(14,2) 1301.42886181
(14,3) 1321.42861959
(14,4) 1324.95797131
(14,5) 1325.58069602
(14,6) 1325.69000441
(14,7) 1325.70597817
(14,8) 1325.69000441
(14,9) 1325.58069602
(14,10) 1324.95797131
(14,11) 1321.42861959
(14,12) 1301.42886181
(14,13) 1188.09688578
(14,14) 545.88235294
(15,0) 545.88235294
(15,1) 1188.09688581
(15,2) 1301.42886214
(15,3) 1321.42862221
(15,4) 1324.95798863
(15,5) 1325.58080010
(15,6) 1325.69060506
(15,7) 1325.70939739
(15,8) 1325.70939739
(15,9) 1325.69060506
(15,10) 1325.58080010
(15,11) 1324.95798863
(15,12) 1321.42862221
(15,13) 1301.42886214
(15,14) 1188.09688581
(15,15) 545.88235294
(16,0) 545.88235294
(16,1) 1188.09688581
(16,2) 1301.42886219
(16,3) 1321.42862265
(16,4) 1324.95799163
(16,5) 1325.58081831
(16,6) 1325.69071077
(16,7) 1325.71000037
(16,8) 1325.71281922
(16,9) 1325.71000037
(16,10) 1325.69071077
(16,11) 1325.58081831
(16,12) 1324.95799163
(16,13) 1321.42862265
(16,14) 1301.42886219
(16,15) 1188.09688581
(16,16) 545.88235294
(17,0) 545.88235294
(17,1) 1188.09688581
(17,2) 1301.42886220
(17,3) 1321.42862273
(17,4) 1324.95799214
(17,5) 1325.58082149
(17,6) 1325.69072936
(17,7) 1325.71010667
(17,8) 1325.71342294
(17,9) 1325.71342294
(17,10) 1325.71010667
(17,11) 1325.69072936
(17,12) 1325.58082149
(17,13) 1324.95799214
(17,14) 1321.42862273
(17,15) 1301.42886220
(17,16) 1188.09688581
(17,17) 545.88235294
(18,0) 545.88235294
(18,1) 1188.09688581
(18,2) 1301.42886220
(18,3) 1321.42862274
(18,4) 1324.95799223
(18,5) 1325.58082204
(18,6) 1325.69073263
(18,7) 1325.71012541
(18,8) 1325.71352944
(18,9) 1325.71402688
(18,10) 1325.71352944
(18,11) 1325.71012541
(18,12) 1325.69073263
(18,13) 1325.58082204
(18,14) 1324.95799223
(18,15) 1321.42862274
(18,16) 1301.42886220
(18,17) 1188.09688581
(18,18) 545.88235294
(19,0) 545.88235294
(19,1) 1188.09688581
(19,2) 1301.42886220
(19,3) 1321.42862274
(19,4) 1324.95799225
(19,5) 1325.58082214
(19,6) 1325.69073320
(19,7) 1325.71012870
(19,8) 1325.71354823
(19,9) 1325.71413345
(19,10) 1325.71413345
(19,11) 1325.71354823
(19,12) 1325.71012870
(19,13) 1325.69073320
(19,14) 1325.58082214
(19,15) 1324.95799225
(19,16) 1321.42862274
(19,17) 1301.42886220
(19,18) 1188.09688581
(19,19) 545.88235294
(20,0) 545.88235294
(20,1) 1188.09688581
(20,2) 1301.42886220
(20,3) 1321.42862274
(20,4) 1324.95799225
(20,5) 1325.58082216
(20,6) 1325.69073330
(20,7) 1325.71012929
(20,8) 1325.71355154
(20,9) 1325.71415225
(20,10) 1325.71424003
(20,11) 1325.71415225
(20,12) 1325.71355154
(20,13) 1325.71012929
(20,14) 1325.69073330
(20,15) 1325.58082216
(20,16) 1324.95799225
(20,17) 1321.42862274
(20,18) 1301.42886220
(20,19) 1188.09688581
(20,20) 545.88235294
